///
///  \author Yang Zhang
///  \date 2018 Nov
///
///  *********************************************

// Based on http://cms-results.web.cern.ch/cms-results/public-results/publications/SUS-17-010/index.html
// Searches for pair production of charginos and top squarks in final states with two oppositely charged leptons in proton-proton collisions at √s= 13 TeV

#include <vector>
#include <cmath>
#include <memory>
#include <iomanip>
#include <fstream>

#include "gambit/ColliderBit/analyses/BaseAnalysis.hpp"
#include "gambit/ColliderBit/CMSEfficiencies.hpp"
#include "gambit/ColliderBit/mt2_bisect.h"
#include "gambit/ColliderBit/analyses/Cutflow.hpp"

using namespace std;

namespace Gambit {
  namespace ColliderBit {


    class Analysis_CMS_13TeV_2OSLEP_stop_36invfb : public HEPUtilsAnalysis {
    public:
    
      // Counters for the number of accepted events for each signal region
      static const size_t NUMSR = 84; 
      double _srnums[NUMSR];
      Cutflow _cutflow;

      Analysis_CMS_13TeV_2OSLEP_stop_36invfb():
      _cutflow("CMS 2-lep stop 13 TeV", {"Two_OC_leptons", "Third_lepton_veto", "mll_20", "mll_mZ_15", "PTmiss_140"})
      {
        set_analysis_name("CMS_13TeV_2OSLEP_stop_36invfb");
        set_luminosity(35.9);
        for (size_t i = 0; i < NUMSR; ++i) _srnums[i] = 0;
      }

      struct ptComparison {
        bool operator() (HEPUtils::Particle* i,HEPUtils::Particle* j) {return (i->pT()>j->pT());}
      } comparePt;
      
      void analyze(const HEPUtils::Event* event) 
      {
        // Baseline objects
        HEPUtilsAnalysis::analyze(event);
        HEPUtils::P4 ptot = event->missingmom();
        double met = event->met();
        _cutflow.fillinit();
        
        // Apply electron efficiency and collect baseline electrons
        //@note Numbers digitized from https://twiki.cern.ch/twiki/pub/CMSPublic/SUSMoriond2017ObjectsEfficiency/2d_full_pteta_el_17010_ttbar.pdf
        //@note The efficiency map has been extended to cover the low-pT region, using the efficiencies from BuckFast (CMSEfficiencies.hpp)
        const vector<double> aEl={0., 0.8, 1.442, 1.556, 2., 2.4, DBL_MAX};   // Bin edges in eta
        const vector<double> bEl={0., 10., 20., 25., 30., 40., 50., DBL_MAX}; // Bin edges in pT. Assume flat efficiency above 200, where the CMS map stops.
        const vector<double> cEl={                 
                          // pT: (0,10),  (10,20),  (20,25),  (25,30),  (30,40),  (40,50),  (50,inf)     
                                    0.0,    0.95,    0.463,     0.537,    0.597,   0.648,    0.701,  // eta: (0, 0.8)
                                    0.0,    0.95,    0.424,     0.520,    0.603,   0.635,    0.700, // eta: (0.8, 1.4429
                                    0.0,    0.95,    0.041,     0.044,    0.053,   0.049,    0.053, // eta: (1.442, 1.556)
                                    0.0,    0.85,    0.271,     0.343,    0.439,   0.508,    0.557, // eta: (1.556, 2)
                                    0.0,    0.85,    0.262,     0.336,    0.411,   0.463,    0.513, // eta: (2, 2.5) 
                                    0.0,    0.0,     0.0,       0.0,      0.0,     0.0,      0.0,   // eta > 2.5
                                  };
        HEPUtils::BinnedFn2D<double> _eff2dEl(aEl,bEl,cEl);
        vector<HEPUtils::Particle*> baselineElectrons;
        for (HEPUtils::Particle* electron : event->electrons()) 
        {
          bool isEl=has_tag(_eff2dEl, electron->eta(), electron->pT());
          if (isEl && electron->pT()>15. && fabs(electron->eta())<2.4) baselineElectrons.push_back(electron);
        }


        // Apply muon efficiency and collect baseline muons
        //@note Numbers digitized from https://twiki.cern.ch/twiki/pub/CMSPublic/SUSMoriond2017ObjectsEfficiency/2d_full_pteta_mu_17010_ttbar.pdf
        //@note The efficiency map has been extended to cover the low-pT region, using the efficiencies from BuckFast (CMSEfficiencies.hpp)
        const vector<double> aMu={0., 0.9, 1.2, 2.1, 2.4, DBL_MAX};   // Bin edges in eta
        const vector<double> bMu={0., 10., 20., 25., 30., 40., 50., DBL_MAX};  // Bin edges in pT. Assume flat efficiency above 200, where the CMS map stops.
        const vector<double> cMu={
                           // pT:   (0,10),  (10,20),  (20,25),  (25,30),  (30,40),  (40,50),  (50,inf)     
                                     0.0,    0.950,    0.692,    0.759,    0.813,    0.852,    0.896,  // eta: (0, 0.9)
                                     0.0,    0.950,    0.679,    0.752,    0.803,    0.856,    0.897,  // eta: (0.9, 1.2)
                                     0.0,    0.950,    0.706,    0.757,    0.801,    0.836,    0.886,  // eta: (1.2, 2.1)
                                     0.0,    0.950,    0.647,    0.711,    0.753,    0.800,    0.806,  // eta: (2.1, 2.4)
                                     0.0,    0.0,      0.0,      0.0,      0.0,      0.0,      0.0,    // eta > 2.4
                                 };
        HEPUtils::BinnedFn2D<double> _eff2dMu(aMu,bMu,cMu);
        vector<HEPUtils::Particle*> baselineMuons;
        for (HEPUtils::Particle* muon : event->muons()) 
        {
          bool isMu=has_tag(_eff2dMu, muon->eta(), muon->pT());
          if (isMu && muon->pT()>15. && fabs(muon->eta())<2.4) baselineMuons.push_back(muon);
        }

        // Baseline jets
        vector<HEPUtils::Jet*> baselineJets;
        for (HEPUtils::Jet* jet : event->jets()) 
        {
          if (jet->pT()>20. &&fabs(jet->eta())<2.4) baselineJets.push_back(jet);
        }

        
        // Signal leptons = electrons + muons
        vector<HEPUtils::Particle*> signalLeptons;
        signalLeptons=baselineElectrons;
        signalLeptons.insert(signalLeptons.end(),baselineMuons.begin(),baselineMuons.end());
        sort(signalLeptons.begin(),signalLeptons.end(),comparePt);
        
        // Signal jets
        const vector<double> aBJet={0,10.};
        const vector<double> bBJet={0,30., 40., 50., 70., 80., 90., 100.,150., 200., 10000.};
        const vector<double> cBJet={0.63, 0.705, 0.745, 0.76, 0.775, 0.79,0.795, 0.805, 0.795, 0.76};
        HEPUtils::BinnedFn2D<double> _eff2d(aBJet,bBJet,cBJet);
        vector<HEPUtils::Jet*> signalJets,signalBJets;
        bool ISR_btag=false;
        for (size_t iJet=0;iJet<baselineJets.size();iJet++) {
          bool hasTag=has_tag(_eff2d, baselineJets.at(iJet)->eta(), baselineJets.at(iJet)->pT());
          bool ovelap=false;
          for (size_t iEl=0;iEl<signalLeptons.size();iEl++) {
            if (signalLeptons.at(iEl)->mom().deltaR_eta(baselineJets.at(iJet)->mom())<0.4) ovelap=true;
          }
          if ( not ovelap ){
            signalJets.push_back(baselineJets.at(iJet));
            if (baselineJets.at(iJet)->btag() and  hasTag){
                if (iJet==0) ISR_btag = true;
                signalBJets.push_back(baselineJets.at(iJet));
            }
          }
        }
        int nj  = signalJets.size();
        int nbj = signalBJets.size();
        
        
        // Tow OC lepton
        if (signalLeptons.size()<2) return;
        if (signalLeptons[0]->pid()*signalLeptons[1]->pid()>0) return;
        if (signalLeptons[0]->pT()<25. or signalLeptons[1]->pT()<20.) return;
        _cutflow.fill(1);
        
        // Third lepton veto
        if (signalLeptons.size()>2) return;
        _cutflow.fill(2);
        
        // m_{ll} > 20 GeV
        double mll=(signalLeptons[0]->mom()+signalLeptons[1]->mom()).m();
        if (mll<20) return;
        _cutflow.fill(3);
        
        // |m_{ll}-m_Z| >15 GeV for ee and mumu events
        bool same_flavor = signalLeptons[0]->abspid() == signalLeptons[1]->abspid();        
        if (same_flavor and fabs(mll-91.2)<15 ) return;
        _cutflow.fill(4);

        // MET>140 GeV
        if (met<140) return;
        _cutflow.fill(5);
        
        // Mt2
        double pLep1[3] = {signalLeptons[0]->mass(), signalLeptons[0]->mom().px(), signalLeptons[0]->mom().py()};
        double pLep2[3] = {signalLeptons[1]->mass(), signalLeptons[1]->mom().px(), signalLeptons[1]->mom().py()};
        double pMiss[3] = {0., event->missingmom().px(), event->missingmom().py() };
        mt2_bisect::mt2 mt2_calc;
        mt2_calc.set_momenta(pLep1,pLep2,pMiss);
        mt2_calc.set_mn(0.0);
        double mT2 = mt2_calc.get_mt2();
        
        // ISR jet
        int nISR=0;
        if (nj>1){
            if ( signalJets.at(0)->pT()>150. and ptot.deltaPhi(signalJets.at(0)->mom())>2.5 and (not ISR_btag)){
                nISR = 1;
            }
        }   
        
        // In the order of x axis
        // http://cms-results.web.cern.ch/cms-results/public-results/publications/SUS-17-010/CMS-SUS-17-010_Figure-aux_003.png
        if ( not same_flavor ) {
            if (met<200) {
                if (nbj==0) {                       //SR1_{0tag}
                    if      (mT2< 20) ++_srnums[42];
                    else if (mT2< 40) ++_srnums[43];
                    else if (mT2< 60) ++_srnums[44];
                    else if (mT2< 80) ++_srnums[45];
                    else if (mT2<100) ++_srnums[46];
                    else if (mT2<120) ++_srnums[47];
                    else              ++_srnums[48]; 
                }
                if (nbj>=1 and nj >=1) {            //SR1_{tags}
                    if      (mT2< 20) ++_srnums[ 0];
                    else if (mT2< 40) ++_srnums[ 1];
                    else if (mT2< 60) ++_srnums[ 2];
                    else if (mT2< 80) ++_srnums[ 3];
                    else if (mT2<100) ++_srnums[ 4];
                    else if (mT2<120) ++_srnums[ 5];
                    else              ++_srnums[ 6];      
                }
            } else if (met<300){
                if (nbj==0) {                       //SR2_{0tag}
                    if      (mT2< 20) ++_srnums[56];
                    else if (mT2< 40) ++_srnums[57];
                    else if (mT2< 60) ++_srnums[58];
                    else if (mT2< 80) ++_srnums[59];
                    else if (mT2<100) ++_srnums[60];
                    else if (mT2<120) ++_srnums[61];
                    else              ++_srnums[62];     
                }
                if (nbj>=1 and nj >=1) {            //SR2_{tags}
                    if      (mT2< 20) ++_srnums[14];
                    else if (mT2< 40) ++_srnums[15];
                    else if (mT2< 60) ++_srnums[16];
                    else if (mT2< 80) ++_srnums[17];
                    else if (mT2<100) ++_srnums[18];
                    else if (mT2<120) ++_srnums[19];
                    else              ++_srnums[20];      
                }
            } else {
                if (nbj==0 and nj >=1 and nISR>0) { //SR3_{0tag}
                    if      (mT2< 20) ++_srnums[70];
                    else if (mT2< 40) ++_srnums[71];
                    else if (mT2< 60) ++_srnums[72];
                    else if (mT2< 80) ++_srnums[73];
                    else if (mT2<100) ++_srnums[74];
                    else if (mT2<120) ++_srnums[75];
                    else              ++_srnums[76];
                }
                if (nbj>=1 and nj >=2 and nISR>0) { //SR3_{tags}
                    if      (mT2< 20) ++_srnums[28];
                    else if (mT2< 40) ++_srnums[29];
                    else if (mT2< 60) ++_srnums[30];
                    else if (mT2< 80) ++_srnums[31];
                    else if (mT2<100) ++_srnums[32];
                    else if (mT2<120) ++_srnums[33];
                    else              ++_srnums[34];
                }
            }
        } else {
            if (met<200) {
                if (nbj==0) {                       //SR1_{0tag}
                    if      (mT2< 20) ++_srnums[49];
                    else if (mT2< 40) ++_srnums[50];
                    else if (mT2< 60) ++_srnums[51];
                    else if (mT2< 80) ++_srnums[52];
                    else if (mT2<100) ++_srnums[53];
                    else if (mT2<120) ++_srnums[54];
                    else              ++_srnums[55];
                }
                if (nbj>=1 and nj >=1) {            //SR1_{tags}
                    if      (mT2< 20) ++_srnums[ 7];
                    else if (mT2< 40) ++_srnums[ 8];
                    else if (mT2< 60) ++_srnums[ 9];
                    else if (mT2< 80) ++_srnums[10];
                    else if (mT2<100) ++_srnums[11];
                    else if (mT2<120) ++_srnums[12];
                    else              ++_srnums[13]; 
                }
            } else if (met<300){
                if (nbj==0) {                       //SR2_{0tag}
                    if      (mT2< 20) ++_srnums[63];
                    else if (mT2< 40) ++_srnums[64];
                    else if (mT2< 60) ++_srnums[65];
                    else if (mT2< 80) ++_srnums[66];
                    else if (mT2<100) ++_srnums[67];
                    else if (mT2<120) ++_srnums[68];
                    else              ++_srnums[69];
                }
                if (nbj>=1 and nj >=1) {            //SR2_{tags}
                    if      (mT2< 20) ++_srnums[21];
                    else if (mT2< 40) ++_srnums[22];
                    else if (mT2< 60) ++_srnums[23];
                    else if (mT2< 80) ++_srnums[24];
                    else if (mT2<100) ++_srnums[25];
                    else if (mT2<120) ++_srnums[26];
                    else              ++_srnums[27]; 
                }
            } else {
                if (nbj==0 and nj >=1 and nISR>0) { //SR3_{0tag}
                    if      (mT2< 20) ++_srnums[77];
                    else if (mT2< 40) ++_srnums[78];
                    else if (mT2< 60) ++_srnums[79];
                    else if (mT2< 80) ++_srnums[80];
                    else if (mT2<100) ++_srnums[81];
                    else if (mT2<120) ++_srnums[82];
                    else              ++_srnums[83];
                }
                if (nbj>=1 and nj >=2 and nISR>0) { //SR3_{tags}
                    if      (mT2< 20) ++_srnums[35];
                    else if (mT2< 40) ++_srnums[36];
                    else if (mT2< 60) ++_srnums[37];
                    else if (mT2< 80) ++_srnums[38];
                    else if (mT2<100) ++_srnums[39];
                    else if (mT2<120) ++_srnums[40];
                    else              ++_srnums[41];
                }
                
            }
        }

      }
      
      
      void add(BaseAnalysis* other) 
      {
        // The base class add function handles the signal region vector and total # events.
        
        HEPUtilsAnalysis::add(other);

        Analysis_CMS_13TeV_2OSLEP_stop_36invfb* specificOther
                = dynamic_cast<Analysis_CMS_13TeV_2OSLEP_stop_36invfb*>(other);

        // Here we will add the subclass member variables:
        for (size_t i = 0; i < NUMSR; ++i)
            _srnums[i] += specificOther->_srnums[i];
         
      }


      virtual void collect_results() 
      {
        cout << _cutflow << endl;
        for (size_t ibin = 0; ibin < NUMSR; ++ibin) {
            stringstream ss; ss << "sr-" << ibin;
            cout << "sr-" << ibin << "\t" << _srnums[ibin] << endl;
        }

        static const size_t SR_size_cov = 84;
        
        // Observed event counts
        static const double OBSNUM[SR_size_cov] = {\
            3534, 1494, 1938, 2068, 879, 111, 15, \
            3003, 1266, 1674, 1671, 798, 85, 16, \
            1045, 357, 412, 389, 111, 11, 1, \
            900, 315, 343, 325, 86, 13, 11, \
            133, 44, 36, 26, 2, 1, 0, \
            123, 27, 28, 38, 4, 1, 1, \
            1523, 556, 765, 769, 311, 53, 22, \
            1367, 539, 648, 692, 301, 63, 59, \
            521, 166, 160, 182, 45, 7, 16, \
            501, 135, 177, 128, 36, 9, 32,\
            100, 27, 22, 12, 3, 0, 1, \
            92, 26, 17, 12, 1, 1, 2 \
        };
        // Background estimates
        static const double BKGNUM[SR_size_cov] = {\
            3525, 1505, 1958, 2049, 897, 108.4, 13.4,\
            2979, 1277, 1644, 1712, 762, 91.9, 18.1, \
            1036, 363, 415, 377, 105.1, 12.3, 5.02, \
            888, 319, 363, 323, 90.5, 10.8, 7.43, \
            152.1, 35.5, 32.3, 25, 4.67, 0.41, 0.41, \
            129.6, 29.6, 27.8, 22.2, 3.71, 0.47, 0.71, \
            1542, 588, 756, 771, 338.3, 50.6, 21, \
            1350, 526, 656, 670, 289.2, 57.9, 61.8, \
            545, 164.3, 173.2, 165.1, 44.8, 7.1, 15.5, \
            487, 140.7, 161.9, 134.5, 39.6, 8.1, 30.6, \
            103.9, 21.3, 22.2, 15.4, 3.51, 0.53, 0.53,\
            91.5, 20.1, 16.5, 13.7, 3.14, 0.78, 1.63 \
        };
        // Background uncertainties, same-flavor signal regions
        static const double BKGERR[SR_size_cov] = {\
            80, 31, 42, 46, 22, 7.3, 2.2, \
            68, 30, 35, 37, 19, 6.1, 2.1, \
            37, 13, 14, 14, 6.5, 2, 0.82, \
            30, 12, 14, 13, 5.5, 1.5, 0.98,\
            9.9, 2.7, 2.3, 2.2, 0.77, 0.38, 0.26, \
            8.9, 2.1, 2.1, 1.9, 0.57, 0.42, 0.38, \
            33, 13, 15, 19, 9.3, 3.8, 3.8, \
            33, 13, 15, 17, 7.6, 4.2, 5.8, \
            18, 7.3, 6.2, 6.8, 3.1, 1.4, 3, \
            16, 5.5, 5.9, 6.2, 2.7, 1.1, 3,\
            6.8, 1.9, 2.1, 1.6, 0.6, 0.21, 0.34, \
            6.1, 1.8, 1.4, 1.4, 0.58, 0.36, 0.42\
        };

        for (size_t ibin = 0; ibin < SR_size_cov; ++ibin) {
          stringstream ss; ss << "sr-" << ibin;
          add_result(SignalRegionData(ss.str(), OBSNUM[ibin], {_srnums[ibin],  0.}, {BKGNUM[ibin], BKGERR[ibin]}));
        }
        

        // Covariance matrix
        static const vector< vector<double> > BKGCOV = {
          {6875.0, 2377.1, 3179.8, 2837.9, 733.27, -26.073, 16.145, 5545.5, 2171.9, 2506.6, 2068.9, 589.85, -34.232, 16.026, 2674.2, 845.18, 921.25, 822.71, 223.5, 22.604, -1.8677, 2128.7, 739.49, 824.29, 751.1, 124.89, 12.545, -1.8774, 519.98, 116.99, 102.17, 63.98, 4.8098, -10.741, -4.3299, 453.91, 79.243, 69.709, 46.518, 0.49875, -16.329, -10.927, 1687.3, 611.98, 821.71, 672.55, 94.67, -36.091, 13.612, 1427.4, 398.08, 735.36, 590.4, 71.951, 11.927, -14.458, 620.87, 360.06, 290.08, 250.94, 61.003, 10.469, 37.189, 599.35, 229.85, 199.88, 243.85, 41.32, 10.523, 17.981, 143.19, 6.2269, 35.119, 42.799, 5.2863, -4.6229, -9.6257, 133.28, 37.996, 18.791, 26.163, -0.34789, -11.301, -13.304},
          {2377.1, 1037.3, 1301.0, 1133.4, 301.95, 1.9636, 1.9325, 2057.7, 923.63, 1074.8, 846.92, 262.64, -0.90515, 5.3446, 936.29, 342.69, 376.5, 323.2, 77.04, 4.7191, -2.2258, 771.52, 309.78, 348.41, 302.87, 49.105, 4.5238, -1.6665, 192.84, 43.528, 40.798, 30.009, 1.2417, -3.9334, -1.7135, 167.79, 28.75, 27.879, 21.405, 0.29302, -6.2219, -4.0123, 561.85, 257.27, 327.43, 280.2, 29.358, -13.482, 7.3217, 474.28, 186.98, 326.41, 244.36, 34.835, -0.65904, -4.6335, 214.43, 138.28, 118.62, 105.94, 18.631, 4.0438, 10.772, 206.82, 95.52, 98.273, 94.765, 13.923, 4.1986, 4.6787, 53.682, 7.6131, 14.443, 18.063, 3.4481, -1.7142, -3.7851, 51.675, 11.802, 7.9037, 12.996, 0.94846, -3.0998, -5.0949},
          {3179.8, 1301.0, 1914.3, 1568.1, 443.31, 3.0021, 2.3725, 2706.2, 1224.0, 1451.5, 1171.4, 377.53, 0.10504, 5.6596, 1268.8, 475.58, 525.57, 442.96, 111.73, 8.9132, -3.1025, 1001.9, 425.13, 485.24, 397.96, 58.967, 8.7937, -2.5636, 261.73, 59.385, 55.037, 40.051, 1.4739, -5.8213, -2.7571, 234.94, 34.735, 37.838, 27.237, -0.62644, -8.9891, -6.5136, 736.35, 326.62, 437.93, 362.07, 29.713, -12.896, 14.917, 650.9, 220.65, 421.58, 304.45, 41.785, 11.141, 3.1123, 293.18, 198.55, 171.6, 140.02, 29.881, 5.9723, 17.479, 301.95, 128.37, 129.65, 126.06, 15.705, 5.1346, 0.63882, 68.404, 5.3544, 19.098, 25.934, 3.8116, -2.5727, -5.2999, 64.367, 15.312, 9.8362, 17.723, -0.72862, -5.4621, -7.5422},
          {2837.9, 1133.4, 1568.1, 2229.2, 423.8, 18.639, 13.863, 2411.9, 1043.4, 1212.4, 1692.4, 362.35, 13.265, 10.628, 1201.4, 425.43, 476.43, 411.76, 111.93, 11.651, 1.0733, 992.26, 382.27, 435.83, 370.99, 58.093, 10.423, -0.07352, 267.86, 56.569, 55.143, 33.517, 2.7691, -6.1201, -2.3862, 232.19, 33.544, 33.755, 25.411, 0.83701, -8.6285, -5.3105, 704.82, 289.58, 397.59, 563.45, 42.152, 0.52939, 18.947, 608.91, 220.83, 384.33, 472.31, 48.488, 18.147, -2.8368, 227.12, 173.96, 129.36, 110.52, 25.177, 10.39, 14.616, 213.69, 117.65, 102.34, 129.94, 23.635, 4.0268, -3.8269, 71.344, 8.1656, 21.546, 24.793, 5.6235, -2.359, -4.5973, 62.101, 17.339, 9.4796, 16.324, 1.0705, -5.4772, -7.5714},
          {733.27, 301.95, 443.31, 423.8, 491.98, 16.476, 1.7607, 575.31, 244.22, 298.46, 321.92, 385.05, 12.104, 9.0822, 264.26, 98.803, 111.13, 107.94, 37.819, 11.792, -0.50501, 212.17, 72.668, 102.12, 80.966, 19.256, 7.0408, -1.1289, 38.915, 10.302, 8.6825, 4.2637, 0.41795, -1.4276, -0.062549, 39.213, 3.5949, 7.2222, -1.7682, -0.5108, -1.7529, -0.77104, 208.13, 80.548, 81.414, 99.6, 102.64, 9.1283, 0.14761, 189.91, 64.982, 75.618, 65.796, 95.145, 21.429, 14.992, 127.84, 36.482, 44.524, 30.903, 6.4452, 3.5308, 2.5287, 54.388, 29.749, 19.79, 28.767, 2.0666, 5.0371, 4.3261, 17.922, 2.4708, 3.6609, 7.1443, 0.45782, -0.051534, -0.61116, 18.165, 1.2876, 1.4168, 2.4551, -1.0232, -0.73059, -0.34327},
          {-26.073, 1.9636, 3.0021, 18.639, 16.476, 52.951, 1.3261, -22.282, -1.8421, -5.8718, 14.679, 15.016, 40.896, 1.9452, -21.529, -0.69736, 0.86738, 8.5091, 0.21168, 0.19176, 0.14924, -10.512, -6.9398, -3.3981, 8.2094, 2.5704, -0.23476, 0.78763, -7.6937, -0.99854, -1.0256, 1.1852, -0.16071, 0.75163, 0.13102, -6.7634, -1.1926, 0.45039, 0.24247, -0.48635, 0.33625, 0.27946, -8.2705, 5.5661, 1.6232, 2.3096, 8.0253, 15.496, -3.8482, -1.8842, 2.8432, 0.28376, -3.8187, 9.0591, 12.702, 0.18724, 2.25, -5.901, 2.0914, 3.217, -3.1405, 0.50466, -0.82002, -10.134, -3.8521, -2.0038, -1.2375, -2.8201, 1.2213, 0.24996, 5.0165, 2.2836, -0.43902, 0.5769, 0.16264, 0.10145, 0.34921, 1.9407, -0.33875, 0.23405, 1.2497, 0.092468, 0.4824, 0.2535},
          {16.145, 1.9325, 2.3725, 13.863, 1.7607, 1.3261, 5.0221, 10.632, 0.63855, 2.0545, 8.7119, -0.60735, 0.42528, 2.8241, 4.4414, 0.1205, -0.26243, 2.4042, 1.0916, 0.44419, 0.27126, 3.9378, 0.56026, -0.29439, 2.1554, 0.91023, 0.14932, -0.1122, 0.59935, -0.10616, 0.054331, 0.17255, 0.0067127, -0.0462, -0.031351, -0.65209, 0.20392, -0.40135, -0.0011667, 0.094347, -0.00056757, 0.016592, 8.4573, 4.0996, 4.316, 6.8712, 0.92358, 1.0202, 1.4329, 4.6937, 1.5879, 3.1108, 3.2228, 0.40946, 0.18555, -1.1904, -0.67058, 0.97196, -0.82784, -0.30503, 0.10064, 0.080839, -0.69079, -4.2353, -0.16146, -1.0653, 0.12601, 0.76592, 0.11828, -0.55475, 0.31164, 0.52003, -0.026346, 0.45048, 0.015148, 0.0041496, 0.032785, 0.47388, 0.13898, 0.21479, -0.34185, 0.020948, -0.022716, 0.069002},
          {5545.5, 2057.7, 2706.2, 2411.9, 575.31, -22.282, 10.632, 5036.7, 1993.4, 2273.4, 1846.5, 513.36, -22.761, 16.538, 2201.5, 721.14, 776.63, 670.29, 163.8, 11.947, -1.9519, 1862.5, 653.4, 740.74, 643.58, 98.426, 8.3152, -0.64445, 452.97, 101.38, 88.349, 58.19, 3.7695, -10.03, -3.6993, 403.05, 68.73, 65.109, 46.006, 0.20085, -14.33, -9.3423, 1409.6, 531.28, 691.29, 578.59, 48.69, -41.474, 7.8465, 1229.2, 389.8, 691.82, 558.29, 55.798, 0.83294, -2.9666, 521.66, 321.05, 243.0, 207.31, 40.814, 2.9653, 43.988, 529.09, 217.8, 199.47, 210.85, 33.17, 10.532, 22.817, 112.85, 9.3202, 32.119, 35.07, 4.7105, -3.7044, -8.6526, 117.48, 33.107, 18.814, 22.959, 0.92148, -8.5398, -10.899},
          {2171.9, 923.63, 1224.0, 1043.4, 244.22, -1.8421, 0.63855, 1993.4, 975.55, 1052.2, 799.65, 238.92, -2.7605, 6.2283, 870.88, 328.42, 355.92, 294.65, 64.917, 2.3811, -2.2615, 742.51, 308.39, 344.5, 281.88, 40.376, 5.0515, -0.78898, 190.34, 44.632, 40.239, 29.256, -0.44915, -4.6019, -2.047, 172.31, 26.953, 28.024, 23.948, -0.24723, -6.5399, -4.0775, 475.53, 231.02, 290.19, 240.47, 9.3351, -15.815, 9.3885, 431.94, 179.73, 330.47, 240.77, 18.046, -1.9319, -3.0465, 178.34, 143.04, 108.02, 96.588, 13.644, 3.0402, 14.67, 203.19, 98.602, 98.918, 93.495, 10.421, 3.8335, 4.7764, 47.423, 7.8132, 14.746, 17.266, 2.6818, -1.8566, -3.6172, 51.698, 13.203, 6.5307, 13.055, 0.83693, -3.5092, -4.8197},
          {2506.6, 1074.8, 1451.5, 1212.4, 298.46, -5.8718, 2.0545, 2273.4, 1052.2, 1339.7, 958.16, 289.09, -8.2164, 4.8513, 984.69, 361.38, 404.16, 342.04, 71.781, 2.2809, -2.2269, 834.2, 348.56, 386.45, 326.37, 48.579, 4.84, -0.86443, 218.54, 51.377, 46.358, 34.861, -0.40536, -5.2539, -2.5112, 197.14, 34.325, 31.282, 28.713, -0.1451, -7.3807, -5.2407, 563.72, 271.66, 344.94, 273.78, 4.6304, -20.167, 11.492, 484.96, 206.42, 372.98, 262.66, 24.605, -3.5522, -1.9771, 197.68, 149.32, 124.48, 109.82, 20.915, 3.4821, 18.151, 234.74, 109.27, 115.79, 103.22, 15.858, 3.8022, 5.4672, 49.705, 7.8433, 12.007, 18.814, 3.6135, -2.0796, -4.2041, 48.819, 12.428, 9.4889, 12.764, 0.76508, -4.1136, -6.2523},
          {2068.9, 846.92, 1171.4, 1692.4, 321.92, 14.679, 8.7119, 1846.5, 799.65, 958.16, 1458.6, 301.19, 12.083, 3.6195, 916.43, 322.94, 357.37, 315.69, 73.907, 9.7415, 1.455, 786.96, 293.47, 348.37, 293.37, 39.298, 9.5305, -0.75405, 198.47, 40.553, 40.675, 24.559, 0.18442, -4.4402, -1.5689, 175.25, 23.732, 26.711, 19.154, -0.9781, -5.96, -3.9582, 537.79, 211.27, 279.66, 451.02, 40.691, 0.23896, 11.098, 533.87, 194.82, 308.51, 402.12, 47.363, 10.771, -9.934, 168.43, 129.1, 91.852, 76.678, 15.677, 8.4363, 11.986, 174.11, 97.423, 86.873, 101.11, 11.912, 3.5601, -1.8995, 55.338, 6.6239, 15.337, 18.54, 3.6111, -1.6762, -2.9758, 53.414, 15.201, 6.8244, 13.073, 0.054607, -3.9984, -5.4826},
          {589.85, 262.64, 377.53, 362.35, 385.05, 15.016, -0.60735, 513.36, 238.92, 289.09, 301.19, 375.66, 11.711, 7.181, 223.38, 73.584, 86.021, 84.242, 20.104, 7.3233, -0.68929, 187.13, 64.268, 85.28, 72.441, 10.685, 4.9719, -0.72055, 41.759, 11.295, 9.0929, 5.6662, -0.45779, -1.6479, -0.16117, 42.031, 5.4973, 6.8503, 2.2077, -0.72381, -1.8599, -0.82325, 144.07, 66.888, 59.498, 72.802, 74.94, 5.9917, -1.4138, 149.73, 66.24, 64.632, 56.249, 81.288, 15.558, 11.243, 101.03, 28.448, 35.807, 24.465, 0.45378, 2.2434, 3.2774, 50.526, 28.125, 24.488, 24.316, -0.58038, 4.8489, 5.7989, 14.644, 2.823, 0.90556, 5.7822, 0.27991, -0.23285, -0.86764, 14.943, 1.1713, -0.49166, 1.0163, -1.2139, -0.027504, -0.13759},
          {-34.232, -0.90515, 0.10504, 13.265, 12.104, 40.896, 0.42528, -22.761, -2.7605, -8.2164, 12.083, 11.711, 37.822, 1.285, -16.69, -1.9733, 1.1884, 0.72324, 1.2192, 0.043408, 0.045182, -8.9945, -5.7678, -3.0812, 2.5239, 2.6324, -0.14197, 0.69181, -6.1541, -1.3863, -0.90962, 0.73389, -0.090427, 0.5109, 0.12578, -5.2053, -1.0508, 0.51118, -0.02406, -0.40039, 0.26611, 0.31371, -9.4667, 1.9884, -1.6945, 1.9685, 5.2142, 12.349, -2.6593, -0.41898, 2.2224, -0.98705, -1.4898, 6.44, 10.315, 2.9214, 3.4475, -4.7357, 1.8262, 1.8706, -1.8161, 0.49121, -0.35001, -4.8751, -2.6248, -0.51727, -2.2554, -1.6897, 1.0384, 0.38465, 4.8345, 1.9871, -0.15729, 0.33105, 0.24983, 0.086812, 0.2657, 1.576, -0.59997, 0.237, 1.0437, 0.079588, 0.46166, 0.26377},
          {16.026, 5.3446, 5.6596, 10.628, 9.0822, 1.9452, 2.8241, 16.538, 6.2283, 4.8513, 3.6195, 7.181, 1.285, 4.4975, 5.3557, 0.82257, 0.49293, 0.16055, 0.57859, -0.30459, 0.16398, 6.3787, 0.56772, 0.7561, 0.47129, 0.87178, -0.22366, 0.3984, 1.1086, 0.29067, 0.2414, 0.15418, -0.019714, -0.030524, 0.025003, 0.29022, 0.22663, 0.32767, -0.049177, 0.078781, 0.0044717, 0.064289, 8.7422, 5.3475, 3.4264, 4.5856, 0.93592, 1.0529, 0.27648, 4.3063, 2.8114, 3.9935, 1.661, 2.4051, 1.9018, 4.0202, 0.73006, 0.16783, 0.20274, 0.41607, -0.052547, -0.20425, -0.73198, -1.2896, 0.76365, 0.12642, -0.44818, 0.26451, 0.16897, 0.69214, 0.075413, 0.4373, -0.11741, 0.0052932, -0.076339, -0.020105, -0.023112, 0.10096, 0.045522, -0.082929, -0.38429, 0.072075, 0.071571, 0.13305},
          {2674.2, 936.29, 1268.8, 1201.4, 264.26, -21.529, 4.4414, 2201.5, 870.88, 984.69, 916.43, 223.38, -16.69, 5.3557, 1492.3, 438.1, 477.34, 380.25, 106.09, 10.343, -0.59358, 1140.6, 391.26, 443.23, 342.28, 64.784, 5.8829, -0.84863, 240.14, 48.371, 45.828, 28.701, -0.076162, -4.9509, -2.352, 204.8, 35.8, 31.148, 20.671, 0.29186, -6.8969, -5.1103, 705.7, 272.7, 361.36, 365.16, 29.422, -5.6915, 3.7316, 622.69, 166.04, 343.53, 310.57, 21.215, 2.8616, -1.8578, 291.9, 171.51, 128.41, 114.85, 26.271, 5.2289, 16.192, 306.63, 107.95, 101.56, 106.68, 18.28, 1.3685, -1.071, 90.531, 3.2259, 20.896, 20.718, 2.6328, -2.3156, -4.4182, 87.942, 19.336, 8.7434, 14.27, -0.20407, -4.6486, -5.8726},
          {845.18, 342.69, 475.58, 425.43, 98.803, -0.69736, 0.1205, 721.14, 328.42, 361.38, 322.94, 73.584, -1.9733, 0.82257, 438.1, 192.34, 188.78, 140.09, 35.339, 2.4851, -1.1211, 362.09, 158.13, 182.21, 124.71, 19.797, 2.4196, -0.83406, 80.656, 17.18, 17.519, 12.219, 0.35239, -1.7848, -0.94117, 72.506, 10.454, 12.325, 7.6978, -0.5587, -2.7784, -2.1192, 214.38, 75.855, 121.01, 103.96, 6.6188, -1.1944, 3.8948, 196.12, 54.349, 122.38, 91.689, 8.469, 3.1032, -1.0153, 90.784, 62.515, 50.273, 38.665, 6.1575, 0.01782, 3.8105, 91.565, 40.804, 40.202, 38.688, 2.3308, 0.0062285, -0.31346, 26.258, 2.1389, 7.8584, 9.3226, 1.1481, -0.78625, -1.4896, 26.46, 6.1443, 3.811, 6.498, 0.1471, -2.008, -2.3817},
          {921.25, 376.5, 525.57, 476.43, 111.13, 0.86738, -0.26243, 776.63, 355.92, 404.16, 357.37, 86.021, 1.1884, 0.49293, 477.34, 188.78, 224.96, 155.3, 43.345, 2.7149, -1.6763, 385.6, 170.62, 197.65, 138.29, 23.621, 2.9747, -1.1156, 85.926, 18.079, 18.946, 11.488, 0.81786, -1.9214, -0.99093, 76.969, 10.378, 13.481, 7.6694, -0.14901, -2.9462, -2.3346, 222.37, 84.433, 132.45, 124.83, 3.6838, -2.7447, 3.5461, 211.48, 61.355, 135.81, 103.46, 8.803, 5.4557, 2.435, 81.635, 66.61, 51.857, 43.348, 7.3456, 1.2539, 3.371, 93.588, 43.973, 39.246, 44.026, 3.1703, -0.060301, -0.20161, 32.672, 1.3116, 8.6568, 10.709, 1.6445, -0.83036, -1.5472, 29.029, 6.5804, 3.5879, 7.5024, -0.0082883, -1.9768, -2.6177},
          {822.71, 323.2, 442.96, 411.76, 107.94, 8.5091, 2.4042, 670.29, 294.65, 342.04, 315.69, 84.242, 0.72324, 0.16055, 380.25, 140.09, 155.3, 223.7, 38.071, 7.6776, 0.29282, 307.32, 122.99, 145.2, 178.66, 25.233, 4.452, -0.69298, 64.484, 11.798, 13.08, 8.1409, 0.58046, -0.9467, -0.51464, 53.836, 7.7389, 9.3606, 5.3997, -0.39548, -2.3977, -1.9794, 205.61, 87.893, 109.72, 100.14, 3.5718, 3.4843, 2.7529, 191.44, 61.061, 106.83, 83.91, 13.264, 6.8101, -7.9251, 74.124, 44.307, 35.53, 56.904, 7.1593, 2.6625, 1.7495, 56.916, 30.793, 22.276, 58.502, 3.0649, 1.6501, -3.1382, 24.093, 2.3431, 5.7559, 7.6622, 2.0044, -0.53797, -1.2346, 25.571, 5.4145, 3.6718, 5.5981, -0.27416, -1.8913, -2.1},
          {223.5, 77.04, 111.73, 111.93, 37.819, 0.21168, 1.0916, 163.8, 64.917, 71.781, 73.907, 20.104, 1.2192, 0.57859, 106.09, 35.339, 43.345, 38.071, 43.578, 2.8288, -0.60063, 80.204, 29.195, 38.093, 28.702, 30.59, 1.2197, -0.8168, 16.11, 3.3992, 3.938, 0.67273, 0.63093, -0.40147, -0.051805, 13.877, 1.7861, 2.2934, 0.34187, 0.19632, -0.73176, -0.4858, 59.32, 19.726, 27.016, 31.226, 2.722, 0.39378, 0.35321, 66.724, 5.1029, 26.809, 16.346, 4.2586, 2.1482, 0.08067, 24.146, 15.158, 10.607, 7.1859, 11.908, 0.89692, -1.6513, 20.163, 8.6779, 4.626, 9.6435, 7.7811, 0.071057, -2.63, 6.4658, -0.66288, 2.247, 1.5228, 0.13741, -0.21156, -0.59609, 4.6406, 0.85899, 0.45144, 1.5029, -0.24882, -0.64683, -0.86039},
          {22.604, 4.7191, 8.9132, 11.651, 11.792, 0.19176, 0.44419, 11.947, 2.3811, 2.2809, 9.7415, 7.3233, 0.043408, -0.30459, 10.343, 2.4851, 2.7149, 7.6776, 2.8288, 4.0272, 0.058478, 7.7254, -0.19174, 1.6848, 5.1761, 1.6262, 2.4971, -0.08012, 0.88586, -0.21035, -0.0079182, -0.17563, 0.10799, 0.072155, 0.023248, 0.28488, -0.31335, 0.11811, -0.0074621, 0.0088587, -0.057299, 0.014267, 5.2715, 2.512, 3.2424, 4.1055, 4.9902, 1.1256, 0.15765, 7.0261, 0.88018, -0.74699, 3.0634, 4.1668, 0.95996, -1.8804, 3.0705, 0.064568, 0.30295, 1.3984, 0.45334, 1.0693, 0.44051, 0.32337, -0.20251, 0.078497, 1.3687, 0.38787, 0.82935, -0.098493, 2.1879, 0.43556, 0.2233, 0.42178, 0.10736, 0.060472, 0.078225, 1.4999, 0.29595, 0.31824, 0.30007, 0.023148, -0.066968, 0.013475},
          {-1.8677, -2.2258, -3.1025, 1.0733, -0.50501, 0.14924, 0.27126, -1.9519, -2.2615, -2.2269, 1.455, -0.68929, 0.045182, 0.16398, -0.59358, -1.1211, -1.6763, 0.29282, -0.60063, 0.058478, 0.67721, -0.34162, -1.1424, -1.7705, 0.12805, -0.073526, -0.074251, 0.43663, -0.36493, -0.059509, -0.19223, 0.03988, -0.0088415, 0.022597, 0.023009, -0.48174, -0.047644, -0.16749, 0.061183, 0.0095678, 0.017765, 0.048313, 0.4575, -1.0445, -1.317, -0.69928, -0.29095, 0.31108, 0.52899, -0.74694, -0.59426, -1.2365, -0.56622, -0.71837, -0.14541, -0.61237, -0.26002, -1.0215, -0.48575, -0.21366, 0.0022364, -0.099933, -0.0076671, -0.47133, -0.67414, -0.35509, -0.22762, 0.12616, -0.024309, -0.073807, 0.22498, 0.12483, -0.16482, -0.012139, 0.024224, 0.020899, 0.027677, 0.11097, 0.022939, 0.088805, 0.079357, 0.025695, 0.036326, 0.019166},
          {2128.7, 771.52, 1001.9, 992.26, 212.17, -10.512, 3.9378, 1862.5, 742.51, 834.2, 786.96, 187.13, -8.9945, 6.3787, 1140.6, 362.09, 385.6, 307.32, 80.204, 7.7254, -0.34162, 998.03, 321.72, 366.03, 286.52, 52.965, 5.1139, 0.93361, 204.29, 42.826, 40.223, 25.759, -0.015759, -3.7906, -1.6489, 175.36, 31.258, 28.192, 20.0, 0.49023, -5.3211, -3.7617, 576.86, 214.81, 280.58, 287.26, 24.158, -8.7493, 1.0807, 529.76, 148.96, 284.68, 259.08, 22.684, 2.9075, -0.48433, 218.2, 130.09, 97.004, 86.608, 13.734, 2.9248, 13.211, 225.7, 90.14, 81.801, 85.969, 9.481, 1.909, 6.9534, 70.195, 6.6789, 17.539, 16.667, 1.597, -1.6972, -3.4004, 73.723, 17.53, 8.0524, 12.514, 0.32259, -3.2991, -4.3915},
          {739.49, 309.78, 425.13, 382.27, 72.668, -6.9398, 0.56026, 653.4, 308.39, 348.56, 293.47, 64.268, -5.7678, 0.56772, 391.26, 158.13, 170.62, 122.99, 29.195, -0.19174, -1.1424, 321.72, 159.82, 163.91, 111.55, 16.583, 0.95514, -1.1148, 72.331, 15.659, 16.272, 10.67, 0.28897, -1.7978, -0.97414, 66.992, 9.3463, 10.376, 7.2463, -0.16376, -2.5745, -2.0281, 190.04, 67.731, 105.02, 90.884, -4.2971, -5.3456, 3.5825, 170.2, 50.903, 113.13, 86.455, 0.86701, -2.3533, -1.2775, 76.973, 58.721, 42.391, 35.539, 5.402, 0.22332, 3.4656, 87.339, 40.332, 36.759, 37.186, 3.7176, -0.27336, -0.48524, 24.887, 2.1598, 8.3888, 8.8669, 1.4974, -0.75788, -1.4379, 26.365, 6.1641, 3.146, 5.7508, 0.2332, -1.9164, -2.2435},
          {824.29, 348.41, 485.24, 435.83, 102.12, -3.3981, -0.29439, 740.74, 344.5, 386.45, 348.37, 85.28, -3.0812, 0.7561, 443.23, 182.21, 197.65, 145.2, 38.093, 1.6848, -1.7705, 366.03, 163.91, 207.16, 129.42, 20.872, 2.4451, -1.7961, 84.208, 17.433, 17.65, 11.338, 0.57369, -1.9819, -0.8622, 77.69, 9.5281, 13.958, 7.4708, -0.47909, -2.8888, -2.284, 210.44, 75.703, 122.11, 118.18, 2.2583, -2.0169, 2.8962, 210.86, 63.05, 135.15, 106.25, 6.8339, 4.5091, 0.6616, 77.715, 66.588, 46.322, 39.238, 5.6528, 0.19558, 4.7494, 90.244, 44.08, 39.194, 41.275, 2.3396, -0.22988, 0.63261, 26.982, 0.7646, 8.9444, 9.6384, 1.1621, -0.78032, -1.5499, 28.708, 6.0698, 3.4663, 7.0324, -0.26327, -2.1225, -2.4595},
          {751.1, 302.87, 397.96, 370.99, 80.966, 8.2094, 2.1554, 643.58, 281.88, 326.37, 293.37, 72.441, 2.5239, 0.47129, 342.28, 124.71, 138.29, 178.66, 28.702, 5.1761, 0.12805, 286.52, 111.55, 129.42, 171.52, 19.281, 3.4204, -0.2277, 61.016, 11.861, 12.187, 7.7313, 0.077639, -1.1316, -0.71563, 52.441, 7.9414, 9.3397, 5.362, -0.65477, -2.3577, -1.6703, 188.84, 85.689, 106.78, 95.98, 0.42898, 0.072425, 3.4864, 175.51, 57.484, 107.36, 89.738, 8.6257, 4.8875, -3.8669, 60.256, 42.048, 31.724, 51.266, 6.8157, 1.076, 3.2453, 56.884, 29.829, 23.721, 51.644, 2.1975, 1.2745, 0.29921, 20.707, 1.4766, 4.5171, 6.7282, 1.5232, -0.60477, -1.3688, 23.834, 5.2343, 3.2578, 4.9695, -0.40095, -1.3856, -1.7459},
          {124.89, 49.105, 58.967, 58.093, 19.256, 2.5704, 0.91023, 98.426, 40.376, 48.579, 39.298, 10.685, 2.6324, 0.87178, 64.784, 19.797, 23.621, 25.233, 30.59, 1.6262, -0.073526, 52.965, 16.583, 20.872, 19.281, 31.161, 0.48572, -0.045696, 10.752, 2.3864, 2.4662, 0.79663, 0.18822, -0.21964, -0.030534, 8.0285, 2.3748, 0.972, 1.2912, 0.026124, -0.39519, -0.2025, 30.376, 16.06, 14.943, 15.847, 2.513, 0.90171, -0.16197, 30.799, 3.8835, 15.103, 6.7099, 0.70982, 0.54624, -0.35507, 15.01, 5.125, 7.0764, 4.2616, 9.8547, 0.57824, -1.9033, 11.141, 5.0101, 3.8849, 4.5202, 7.4898, -0.16243, -2.0271, 3.4692, 0.69063, 0.6484, 0.17505, -0.055214, -0.14519, -0.48868, 2.4748, 0.21581, 0.63971, 0.58984, 0.06678, -0.17324, -0.57386},
          {12.545, 4.5238, 8.7937, 10.423, 7.0408, -0.23476, 0.14932, 8.3152, 5.0515, 4.84, 9.5305, 4.9719, -0.14197, -0.22366, 5.8829, 2.4196, 2.9747, 4.452, 1.2197, 2.4971, -0.074251, 5.1139, 0.95514, 2.4451, 3.4204, 0.48572, 2.2814, -0.095859, 1.1694, 0.12966, 0.27605, 0.039349, 0.039061, 0.0105, 0.01854, 0.74804, -0.24234, 0.24999, 0.2107, 0.0097038, -0.054472, 0.015893, 0.50791, 1.3953, 2.3153, 3.5149, 2.2279, 0.53071, 0.049082, 2.8121, 0.97301, 1.4333, 3.0943, 2.3154, 0.39475, -0.74842, -0.40985, 0.42403, 0.62336, 1.1382, -0.17362, 0.72337, 0.47904, -0.63898, 0.026638, -0.13133, 0.66333, -0.11929, 0.54462, 0.17878, 1.4204, 0.3383, 0.24556, 0.38115, 0.1154, 0.009533, 0.04267, 1.1722, 0.44881, 0.21989, 0.35543, 0.026903, -0.049482, 0.054287},
          {-1.8774, -1.6665, -2.5636, -0.07352, -1.1289, 0.78763, -0.1122, -0.64445, -0.78898, -0.86443, -0.75405, -0.72055, 0.69181, 0.3984, -0.84863, -0.83406, -1.1156, -0.69298, -0.8168, -0.08012, 0.43663, 0.93361, -1.1148, -1.7961, -0.2277, -0.045696, -0.095859, 0.9529, 0.17926, 0.18193, 0.069675, 0.12401, 0.055141, 0.019703, 0.0091183, 0.014557, 0.10391, 0.098015, 0.21841, -0.0022614, -0.0076383, 0.052848, -0.36193, -0.61371, -1.0099, -1.5968, -0.37207, 0.099733, -0.028849, 1.1726, 0.065589, -1.0935, -0.82195, -0.62876, 0.27036, 1.0019, 0.35516, -1.186, -0.27268, -0.46758, -0.12076, -0.18683, -0.077255, -0.072055, -0.0017108, -0.17464, -0.44657, -0.091251, 0.024978, 0.30936, 0.39282, 0.29719, -0.20712, -0.11924, -0.033664, 0.018167, 0.0054199, 0.23035, 0.029465, 0.081961, 0.062205, 0.079766, 0.069385, 0.07118},
          {519.98, 192.84, 261.73, 267.86, 38.915, -7.6937, 0.59935, 452.97, 190.34, 218.54, 198.47, 41.759, -6.1541, 1.1086, 240.14, 80.656, 85.926, 64.484, 16.11, 0.88586, -0.36493, 204.29, 72.331, 84.208, 61.016, 10.752, 1.1694, 0.17926, 103.99, 23.393, 19.915, 15.048, 1.0032, -1.4475, -0.51662, 87.064, 17.692, 16.002, 12.181, 1.1406, -1.5911, -1.5493, 124.22, 51.852, 74.175, 64.083, -0.85609, -1.8242, 5.3831, 119.21, 36.48, 72.17, 67.971, 0.86465, 2.3959, 1.8843, 51.997, 36.376, 28.492, 19.559, 4.7241, 0.97505, 5.6, 65.281, 21.94, 20.971, 20.637, 5.8331, 0.67008, 3.5389, 19.181, 4.2913, 6.2892, 5.084, 0.69698, -0.3716, -0.96306, 19.226, 6.3498, 3.8913, 4.2237, 0.91432, -0.85104, -1.3607},
          {116.99, 43.528, 59.385, 56.569, 10.302, -0.99854, -0.10616, 101.38, 44.632, 51.377, 40.553, 11.295, -1.3863, 0.29067, 48.371, 17.18, 18.079, 11.798, 3.3992, -0.21035, -0.059509, 42.826, 15.659, 17.433, 11.861, 2.3864, 0.12966, 0.18193, 23.393, 7.5645, 4.8599, 3.7323, 0.37206, -0.31218, -0.11773, 21.181, 4.1665, 3.9707, 3.0858, 0.19716, -0.40532, -0.36567, 31.952, 11.6, 16.441, 10.903, 1.4586, -0.7816, 1.6142, 32.24, 10.24, 18.018, 12.864, 1.6783, 0.30022, -0.15419, 12.787, 7.3701, 5.6896, 3.7028, 0.9836, 0.11886, 0.80341, 15.411, 4.192, 5.3138, 3.9453, 0.84058, 0.26667, 0.81091, 2.9271, 0.94086, 1.0611, 1.053, 0.010074, -0.11098, -0.26652, 3.3823, 1.3027, 0.71598, 0.90243, 0.19963, -0.1217, -0.28456},
