///
///  \author Yang Zhang
///  \date 2018 Nov
///
///  *********************************************

// Based on http://cms-results.web.cern.ch/cms-results/public-results/publications/SUS-17-010/index.html
// Searches for pair production of charginos and top squarks in final states with two oppositely charged leptons in proton-proton collisions at √s= 13 TeV

#include <vector>
#include <cmath>
#include <memory>
#include <iomanip>
#include <fstream>

#include "gambit/ColliderBit/analyses/BaseAnalysis.hpp"
#include "gambit/ColliderBit/CMSEfficiencies.hpp"
#include "gambit/ColliderBit/mt2_bisect.h"
#include "gambit/ColliderBit/analyses/Cutflow.hpp"

using namespace std;

namespace Gambit {
  namespace ColliderBit {


    class Analysis_CMS_13TeV_2OSLEP_chargino_36invfb : public HEPUtilsAnalysis {
    public:
    
      // Counters for the number of accepted events for each signal region
      static const size_t NUMSR = 70; 
      double _srnums[NUMSR];
      Cutflow _cutflow;

      Analysis_CMS_13TeV_2OSLEP_chargino_36invfb():
      _cutflow("CMS 2-lep chargino->slepton 13 TeV", {"Two_OC_leptons", "Third_lepton_veto", "mll_20", "mll_mZ_15", "PTmiss_140"})
      {
        set_analysis_name("CMS_13TeV_2OSLEP_chargino_36invfb");
        set_luminosity(35.9);
        for (size_t i = 0; i < NUMSR; ++i) _srnums[i] = 0;
      }

      struct ptComparison {
        bool operator() (HEPUtils::Particle* i,HEPUtils::Particle* j) {return (i->pT()>j->pT());}
      } comparePt;
      
      void analyze(const HEPUtils::Event* event) 
      {
        // Baseline objects
        HEPUtilsAnalysis::analyze(event);
        double met = event->met();
        _cutflow.fillinit();
        
        // Apply electron efficiency and collect baseline electrons
        //@note Numbers digitized from https://twiki.cern.ch/twiki/pub/CMSPublic/SUSMoriond2017ObjectsEfficiency/2d_full_pteta_el_17010_ttbar.pdf
        //@note The efficiency map has been extended to cover the low-pT region, using the efficiencies from BuckFast (CMSEfficiencies.hpp)
        const vector<double> aEl={0., 0.8, 1.442, 1.556, 2., 2.4, DBL_MAX};   // Bin edges in eta
        const vector<double> bEl={0., 10., 20., 25., 30., 40., 50., DBL_MAX}; // Bin edges in pT. Assume flat efficiency above 200, where the CMS map stops.
        const vector<double> cEl={                 
                          // pT: (0,10),  (10,20),  (20,25),  (25,30),  (30,40),  (40,50),  (50,inf)     
                                    0.0,    0.95,    0.463,     0.537,    0.597,   0.648,    0.701,  // eta: (0, 0.8)
                                    0.0,    0.95,    0.424,     0.520,    0.603,   0.635,    0.700, // eta: (0.8, 1.4429
                                    0.0,    0.95,    0.041,     0.044,    0.053,   0.049,    0.053, // eta: (1.442, 1.556)
                                    0.0,    0.85,    0.271,     0.343,    0.439,   0.508,    0.557, // eta: (1.556, 2)
                                    0.0,    0.85,    0.262,     0.336,    0.411,   0.463,    0.513, // eta: (2, 2.5) 
                                    0.0,    0.0,     0.0,       0.0,      0.0,     0.0,      0.0,   // eta > 2.5
                                  };
        HEPUtils::BinnedFn2D<double> _eff2dEl(aEl,bEl,cEl);
        vector<HEPUtils::Particle*> baselineElectrons;
        for (HEPUtils::Particle* electron : event->electrons()) 
        {
          bool isEl=has_tag(_eff2dEl, electron->eta(), electron->pT());
          if (isEl && electron->pT()>15. && fabs(electron->eta())<2.4) baselineElectrons.push_back(electron);
        }


        // Apply muon efficiency and collect baseline muons
        //@note Numbers digitized from https://twiki.cern.ch/twiki/pub/CMSPublic/SUSMoriond2017ObjectsEfficiency/2d_full_pteta_mu_17010_ttbar.pdf
        //@note The efficiency map has been extended to cover the low-pT region, using the efficiencies from BuckFast (CMSEfficiencies.hpp)
        const vector<double> aMu={0., 0.9, 1.2, 2.1, 2.4, DBL_MAX};   // Bin edges in eta
        const vector<double> bMu={0., 10., 20., 25., 30., 40., 50., DBL_MAX};  // Bin edges in pT. Assume flat efficiency above 200, where the CMS map stops.
        const vector<double> cMu={
                           // pT:   (0,10),  (10,20),  (20,25),  (25,30),  (30,40),  (40,50),  (50,inf)     
                                     0.0,    0.950,    0.692,    0.759,    0.813,    0.852,    0.896,  // eta: (0, 0.9)
                                     0.0,    0.950,    0.679,    0.752,    0.803,    0.856,    0.897,  // eta: (0.9, 1.2)
                                     0.0,    0.950,    0.706,    0.757,    0.801,    0.836,    0.886,  // eta: (1.2, 2.1)
                                     0.0,    0.950,    0.647,    0.711,    0.753,    0.800,    0.806,  // eta: (2.1, 2.4)
                                     0.0,    0.0,      0.0,      0.0,      0.0,      0.0,      0.0,    // eta > 2.4
                                 };
        HEPUtils::BinnedFn2D<double> _eff2dMu(aMu,bMu,cMu);
        vector<HEPUtils::Particle*> baselineMuons;
        for (HEPUtils::Particle* muon : event->muons()) 
        {
          bool isMu=has_tag(_eff2dMu, muon->eta(), muon->pT());
          if (isMu && muon->pT()>15. && fabs(muon->eta())<2.4) baselineMuons.push_back(muon);
        }

        // Baseline jets
        vector<HEPUtils::Jet*> baselineJets;
        for (HEPUtils::Jet* jet : event->jets()) 
        {
          if (jet->pT()>20. &&fabs(jet->eta())<2.4) baselineJets.push_back(jet);
        }

        
        // Signal leptons = electrons + muons
        vector<HEPUtils::Particle*> signalLeptons;
        signalLeptons=baselineElectrons;
        signalLeptons.insert(signalLeptons.end(),baselineMuons.begin(),baselineMuons.end());
        sort(signalLeptons.begin(),signalLeptons.end(),comparePt);
        
        // Signal jets
        const vector<double> aBJet={0,10.};
        const vector<double> bBJet={0,30., 40., 50., 70., 80., 90., 100.,150., 200., 10000.};
        const vector<double> cBJet={0.63, 0.705, 0.745, 0.76, 0.775, 0.79,0.795, 0.805, 0.795, 0.76};
        HEPUtils::BinnedFn2D<double> _eff2d(aBJet,bBJet,cBJet);
        vector<HEPUtils::Jet*> signalJets,signalBJets;
        for (size_t iJet=0;iJet<baselineJets.size();iJet++) {
          bool hasTag=has_tag(_eff2d, baselineJets.at(iJet)->eta(), baselineJets.at(iJet)->pT());
          bool ovelap=false;
          for (size_t iEl=0;iEl<signalLeptons.size();iEl++) {
            if (signalLeptons.at(iEl)->mom().deltaR_eta(baselineJets.at(iJet)->mom())<0.4) ovelap=true;
          }
          if ( not ovelap ) signalJets.push_back(baselineJets.at(iJet));
          if ( (not ovelap) and baselineJets.at(iJet)->btag() and  hasTag) signalBJets.push_back(baselineJets.at(iJet));
        }
        int nj  = signalJets.size();
        int nbj = signalBJets.size();
        
        
        // Tow OC lepton
        if (signalLeptons.size()<2) return;
        if (signalLeptons[0]->pid()*signalLeptons[1]->pid()>0) return;
        if (signalLeptons[0]->pT()<25. or signalLeptons[1]->pT()<20.) return;
        _cutflow.fill(1);
        
        // Third lepton veto
        if (signalLeptons.size()>2) return;
        _cutflow.fill(2);
        
        // m_{ll} > 20 GeV
        double mll=(signalLeptons[0]->mom()+signalLeptons[1]->mom()).m();
        if (mll<20) return;
        _cutflow.fill(3);
        
        // |m_{ll}-m_Z| >15 GeV for ee and mumu events
        bool same_flavor = signalLeptons[0]->abspid() == signalLeptons[1]->abspid();        
        if (same_flavor and fabs(mll-91.2)<15 ) return;
        _cutflow.fill(4);

        // MET>140 GeV
        if (met<140) return;
        _cutflow.fill(5);
        
        // Mt2
        double pLep1[3] = {signalLeptons[0]->mass(), signalLeptons[0]->mom().px(), signalLeptons[0]->mom().py()};
        double pLep2[3] = {signalLeptons[1]->mass(), signalLeptons[1]->mom().px(), signalLeptons[1]->mom().py()};
        double pMiss[3] = {0., event->missingmom().px(), event->missingmom().py() };
        mt2_bisect::mt2 mt2_calc;
        mt2_calc.set_momenta(pLep1,pLep2,pMiss);
        mt2_calc.set_mn(0.0);
        double mT2 = mt2_calc.get_mt2();
        
        // In the order of x axis
        // http://cms-results.web.cern.ch/cms-results/public-results/publications/SUS-17-010/CMS-SUS-17-010_Figure-aux_001.png
        if ( not same_flavor ) {
            if (met<200) {
                if (nbj==0 and nj ==0) { //SR1_{0tag}^{0jet}
                    if      (mT2< 20) ++_srnums[ 0];
                    else if (mT2< 40) ++_srnums[ 1];
                    else if (mT2< 60) ++_srnums[ 2];
                    else if (mT2< 80) ++_srnums[ 3];
                    else if (mT2<100) ++_srnums[ 4];
                    else if (mT2<120) ++_srnums[ 5];
                    else              ++_srnums[ 6];
                }
                if (nbj==0 and nj >=1) { //SR1_{0tag}^{jets}
                    if      (mT2< 20) ++_srnums[14];
                    else if (mT2< 40) ++_srnums[15];
                    else if (mT2< 60) ++_srnums[16];
                    else if (mT2< 80) ++_srnums[17];
                    else if (mT2<100) ++_srnums[18];
                    else if (mT2<120) ++_srnums[19];
                    else              ++_srnums[20];      
                }
            } else if (met<300){
                if (nbj==0 and nj ==0) { //SR2_{0tag}^{0jet}
                    if      (mT2< 20) ++_srnums[28];
                    else if (mT2< 40) ++_srnums[29];
                    else if (mT2< 60) ++_srnums[30];
                    else if (mT2< 80) ++_srnums[31];
                    else if (mT2<100) ++_srnums[32];
                    else if (mT2<120) ++_srnums[33];
                    else              ++_srnums[34];
                }
                if (nbj==0 and nj >=1) { //SR2_{0tag}^{jets}
                    if      (mT2< 20) ++_srnums[42];
                    else if (mT2< 40) ++_srnums[43];
                    else if (mT2< 60) ++_srnums[44];
                    else if (mT2< 80) ++_srnums[45];
                    else if (mT2<100) ++_srnums[46];
                    else if (mT2<120) ++_srnums[47];
                    else              ++_srnums[48];      
                }
            } else {
                if (nbj==0 and nj >=0) { //SR3_{0tag}
                    if      (mT2< 20) ++_srnums[56];
                    else if (mT2< 40) ++_srnums[57];
                    else if (mT2< 60) ++_srnums[58];
                    else if (mT2< 80) ++_srnums[59];
                    else if (mT2<100) ++_srnums[60];
                    else if (mT2<120) ++_srnums[61];
                    else              ++_srnums[62];        
                }
            }
        } else {
            if (met<200) {
                if (nbj==0 and nj ==0) { //SR1_{0tag}^{0jet}
                    if      (mT2< 20) ++_srnums[ 7];
                    else if (mT2< 40) ++_srnums[ 8];
                    else if (mT2< 60) ++_srnums[ 9];
                    else if (mT2< 80) ++_srnums[10];
                    else if (mT2<100) ++_srnums[11];
                    else if (mT2<120) ++_srnums[12];
                    else              ++_srnums[13];
                }
                if (nbj==0 and nj >=1) { //SR1_{0tag}^{jets}
                    if      (mT2< 20) ++_srnums[21];
                    else if (mT2< 40) ++_srnums[22];
                    else if (mT2< 60) ++_srnums[23];
                    else if (mT2< 80) ++_srnums[24];
                    else if (mT2<100) ++_srnums[25];
                    else if (mT2<120) ++_srnums[26];
                    else              ++_srnums[27]; 
                         
                }
            } else if (met<300){
                if (nbj==0 and nj ==0) { //SR2_{0tag}^{0jet}
                    if      (mT2< 20) ++_srnums[35];
                    else if (mT2< 40) ++_srnums[36];
                    else if (mT2< 60) ++_srnums[37];
                    else if (mT2< 80) ++_srnums[38];
                    else if (mT2<100) ++_srnums[39];
                    else if (mT2<120) ++_srnums[40];
                    else              ++_srnums[41];
                }
                if (nbj==0 and nj >=1) { //SR2_{0tag}^{jets}
                    if      (mT2< 20) ++_srnums[49];
                    else if (mT2< 40) ++_srnums[50];
                    else if (mT2< 60) ++_srnums[51];
                    else if (mT2< 80) ++_srnums[52];
                    else if (mT2<100) ++_srnums[53];
                    else if (mT2<120) ++_srnums[54];
                    else              ++_srnums[55];
                }
            } else {
                if (nbj==0 and nj >=0) { //SR3_{0tag}
                    if      (mT2< 20) ++_srnums[63];
                    else if (mT2< 40) ++_srnums[64];
                    else if (mT2< 60) ++_srnums[65];
                    else if (mT2< 80) ++_srnums[66];
                    else if (mT2<100) ++_srnums[67];
                    else if (mT2<120) ++_srnums[68];
                    else              ++_srnums[69];
                }
            }
        }

      }    

      void add(BaseAnalysis* other) 
      {
        // The base class add function handles the signal region vector and total # events.
        
        HEPUtilsAnalysis::add(other);

        Analysis_CMS_13TeV_2OSLEP_chargino_36invfb* specificOther
                = dynamic_cast<Analysis_CMS_13TeV_2OSLEP_chargino_36invfb*>(other);

        // Here we will add the subclass member variables:
        for (size_t i = 0; i < NUMSR; ++i)
            _srnums[i] += specificOther->_srnums[i];
         
      }


      virtual void collect_results() 
      {
        cout << _cutflow << endl;
        for (size_t ibin = 0; ibin < NUMSR; ++ibin) {
            stringstream ss; ss << "sr-" << ibin;
            cout << "sr-" << ibin << "\t" << _srnums[ibin] << endl;
        }
        
        static const size_t SR_size_cov = 70;
        
        // Observed event counts
        static const double OBSNUM[SR_size_cov] = {\
            39, 24, 33, 44, 13, 6, 9, \
            43, 40, 39, 33, 17, 6, 12, \
            1484, 532, 732, 725, 298, 47, 13, \
            1324, 499, 609, 659, 284, 57, 47, \
            10, 4, 4, 6, 2, 2, 7, \
            8, 12, 11, 10, 3, 2, 7, \
            511, 162, 156, 176, 43, 5, 9, \
            493, 123, 166, 118, 33, 7, 25, \
            116, 35, 29, 21, 3, 1, 5, \
            110, 35, 26, 26, 2, 1, 14 \
        };
        // Background estimates
        static const double BKGNUM[SR_size_cov] = {\
            41.9, 27.4, 34.1, 42, 21.1, 6, 7.9, \
            44.1, 28.5, 33.5, 33.5, 18.6, 7.7, 12.5, \
            1493, 558, 719, 730, 316, 45.1, 13.7, \
            1310, 499, 623, 634, 271.7, 51.6, 48.6, \
            10.3, 7, 6.5, 6.9, 2.19, 1.59, 7.8, \
            10.9, 7.8, 7.3, 7.9, 1.9, 1.28, 7.1, \
            534, 158.6, 167.9, 157.9, 42.4, 5.9, 9, 
            474, 134.8, 155.1, 128.5, 37.1, 7.29, 23.9, \
            127.9, 28.3, 30.2, 23.1, 4.96, 1.12, 4.5, \
            112.8, 27.9, 24.2, 22.5, 5.2, 1.36, 10.6 \
        };
        // Background uncertainties, same-flavor signal regions
        static const double BKGERR[SR_size_cov] = {\
            5, 3.8, 4.8, 5.5, 3.4, 1.3, 2.1, \
            7.5, 4.1, 4.4, 4.5, 2.6, 1.6, 2.5,\
            32, 12, 16, 16, 10, 3.1, 2.8, \
            29, 12, 14, 15, 8.9, 3.5, 5.5, \
            1.7, 1.5, 1.3, 1.3, 0.69, 0.7, 1.8, \
            1.9, 1.8, 1.4, 1.3, 0.52, 0.58, 1.4, \
            15, 5.9, 6.1, 6.5, 2.9, 1, 1.7, \
            14, 5.1, 5.5, 5.5, 2.5, 0.91, 2.4,\
            7.2, 2, 2.4, 2, 0.73, 0.38, 1.2, \
            6.3, 2.2, 1.8, 1.8, 1, 0.36, 1.2 \
        };
//        
        
        
        for (size_t ibin = 0; ibin < SR_size_cov; ++ibin) {
          stringstream ss; ss << "sr-" << ibin;
          add_result(SignalRegionData(ss.str(), OBSNUM[ibin], {_srnums[ibin],  0.}, {BKGNUM[ibin], BKGERR[ibin]}));
        }

        // Covariance matrix
        static const vector< vector<double> > BKGCOV = {
          {25.598, 13.424, 16.352, 21.763, 10.454, 3.1358, 5.0395, 20.224, 11.944, 15.636, 15.766, 9.1389, 3.6114, 4.94, 2.6272, 3.154, 7.2268, 0.1247, -2.9303, 2.6016, 5.1647, 8.0038, 6.9048, 4.96, 4.2144, -4.5489, 0.15967, -3.3981, -0.50065, -1.0013, -1.2021, -0.74028, -0.55454, -0.37688, 0.81781, 0.23105, -0.76926, -0.8439, 0.87561, -0.27353, -0.1891, 0.53007, 3.1935, 4.2566, 4.7622, 4.4467, 1.1547, 0.86073, 1.1328, 3.145, 4.6289, 3.0738, 3.9791, -0.35038, 0.08308, -0.59277, 2.9314, 0.85789, 0.95815, 0.80839, -0.22872, -0.20368, 0.37534, 0.036379, 0.91204, -0.12344, 1.1105, -0.43384, -0.059015, 0.021492},
          {13.424, 14.732, 13.934, 16.817, 7.5563, 2.0869, 4.0621, 10.85, 9.3898, 12.8, 12.535, 7.2074, 2.8856, 3.7009, 5.1403, 5.3424, 6.0043, -6.0346, -4.7591, 0.82894, 3.969, 1.848, 6.6624, 4.949, -2.3459, -5.6969, 0.17966, -1.6348, -0.77317, -0.50961, -1.028, -0.41171, -0.21445, -0.14702, 0.73228, -0.29575, -0.4156, -0.63977, 1.1138, -0.2098, -0.073943, 0.73573, 3.4323, 4.9122, 5.6673, 5.7584, 1.8314, 0.48373, 0.87761, 4.3208, 3.6063, 3.1656, 4.0424, 0.36072, 0.38937, -0.40417, 4.6683, 1.6053, 2.0176, 0.58621, 0.16382, -0.22106, 0.64897, 2.6099, 1.373, 0.56104, 1.1669, -0.27408, 0.13183, 0.016357},
          {16.352, 13.934, 23.443, 22.339, 10.851, 1.9643, 2.8783, 14.791, 10.303, 16.636, 18.336, 9.7654, 2.7286, 2.4017, -2.3928, 0.0068684, -0.83689, -7.7036, -5.9665, 1.7965, 4.6902, -3.32, 4.4173, -4.8444, -3.0199, -8.3332, 1.2337, -0.18421, -0.71247, -0.37469, -0.68509, -0.03213, 0.29427, -0.17471, -0.14692, -0.59221, -0.14169, 0.073487, 1.0168, -0.30713, 0.03511, 0.5138, 5.6129, 2.5797, 5.5049, 3.8557, 0.9998, 0.60985, 0.78766, 6.3785, 3.5328, 1.7568, 2.5917, 0.76227, 0.25885, -0.5197, 3.8697, 2.0919, 0.58781, 0.53837, -0.0085377, -0.15146, 0.41498, 0.20229, 1.2167, -0.25365, 0.38554, 0.059269, 0.13656, -0.12428},
          {21.763, 16.817, 22.339, 30.637, 12.885, 3.4771, 5.4565, 18.671, 13.394, 19.455, 20.233, 11.389, 4.1264, 5.3366, 2.2129, 1.5101, 2.7146, -4.5576, -7.1423, 2.3775, 6.0463, 2.1879, 7.4826, -2.4881, 0.3577, -9.2436, 0.48727, -1.8632, -1.2212, -1.1026, -1.316, -0.62145, -0.28615, -0.50343, 0.37933, -0.49394, -0.54969, -0.30622, 1.231, -0.38079, -0.14701, 1.0386, 7.2224, 5.4533, 7.0127, 7.1615, 2.0519, 0.69854, 1.4227, 8.4147, 6.0715, 3.1313, 4.5158, 0.58304, 0.10837, -0.82442, 3.3184, 1.6092, 0.80479, 0.50092, -0.038143, -0.23148, 0.70459, 0.83828, 0.86789, -0.053676, 0.49502, -0.25827, 0.043533, -0.013689},
          {10.454, 7.5563, 10.851, 12.885, 11.368, 1.7379, 2.7011, 8.1123, 6.675, 9.9414, 10.831, 5.7571, 2.4072, 3.474, 12.886, 2.6874, 6.8736, -0.59036, 3.7972, 0.6898, 2.0454, 5.34, 2.1361, -1.0307, 3.2042, 1.2168, 0.12116, 0.32738, -0.22175, -0.98143, -0.53424, -0.16166, -0.13425, -0.55009, 0.15357, 0.62498, -1.1812, -0.38457, 0.58849, -0.14978, -0.38286, 0.4138, 1.8466, 2.0078, 2.8708, 2.5539, 0.80124, 0.11968, 0.88128, 4.0822, 2.9067, 0.96611, 1.7963, 1.2178, -0.3998, -0.010887, 0.74091, 0.57659, 0.39618, 0.59183, -0.21966, -0.019598, 0.19665, -0.26736, 0.71993, 0.11782, 0.082895, 0.43587, -0.14995, -0.32898},
          {3.1358, 2.0869, 1.9643, 3.4771, 1.7379, 1.7239, 1.2433, 2.3952, 1.593, 1.9123, 1.9397, 1.1941, 1.1704, 1.2344, 3.0523, 0.56614, 2.1518, -0.40422, -1.3968, 0.87163, 1.0143, 2.3422, -0.51352, 0.91941, -1.4483, -1.7854, 0.59322, -0.073709, -0.08329, -0.4263, -0.19652, -0.12542, -0.028989, -0.1893, -0.092644, 0.10125, -0.11648, -0.054351, 0.31313, -0.044117, -0.10672, 0.19427, 0.56613, 1.1535, -0.04167, 0.46479, 0.39518, 0.20604, -0.024605, -0.79033, 0.7377, 0.10567, 0.46162, 0.10413, 0.01472, -0.043628, 0.1631, -0.068094, -0.068835, 0.001552, -0.10399, -0.027148, 0.15756, -0.20583, 0.065526, -0.045689, 0.020638, -0.098948, -0.0056201, 0.048339},
          {5.0395, 4.0621, 2.8783, 5.4565, 2.7011, 1.2433, 4.2405, 3.6106, 3.3715, 3.6469, 3.177, 2.3216, 1.8983, 3.298, 8.4806, 6.4679, 10.701, 3.2615, 0.26433, 0.40226, 2.5537, 8.7628, 6.2619, 7.8456, 2.2695, 0.64621, 0.15008, -1.1842, -0.20414, -0.67115, -0.47096, -0.21777, -0.3314, -0.28317, 0.45271, -0.14342, -0.12287, -0.27064, 0.44837, -0.10958, -0.2096, 0.21459, 3.7334, 2.9779, 3.5924, 2.8454, 0.60273, 0.40792, 0.3766, 3.8702, 3.0548, 2.3384, 2.8135, 0.37234, -0.04487, -0.21543, 1.1603, 0.4778, 1.004, 0.58676, -0.051547, -0.12327, 0.16737, 1.9167, 1.1645, 0.8653, 0.70675, -0.42694, -0.028331, -0.2513},
          {20.224, 10.85, 14.791, 18.671, 8.1123, 2.3952, 3.6106, 56.696, 20.351, 14.097, 15.222, 7.2973, 3.1421, 4.2514, 2.2481, 6.6313, 6.604, 4.1929, -5.4294, 3.7683, 4.4652, -0.32545, 8.9776, 4.0802, 4.1301, -4.2162, -0.57703, -4.1136, 1.6474, -0.071288, -1.896, -0.40312, -1.0304, -0.53985, 0.21006, 0.97096, 0.48416, -0.25288, 0.50552, -0.46185, -0.046521, 0.015752, 9.1035, 4.3516, 5.3804, 2.7942, -1.3436, 0.098518, 1.3773, 2.1146, 8.3226, 2.9445, 2.7121, -1.0674, -0.14569, -1.4281, 0.22639, 0.70909, -0.8581, 0.07034, -0.25526, -0.031293, -0.69912, -0.94021, 0.4218, -0.33178, 0.42097, -0.7539, -0.17753, -1.2384},
          {11.944, 9.3898, 10.303, 13.394, 6.675, 1.593, 3.3715, 20.351, 16.753, 10.703, 10.277, 5.0751, 2.6071, 2.4326, 8.8003, 4.394, 9.5375, -3.7835, -1.776, 1.442, 3.0151, 6.5256, 6.9766, 5.8501, 1.1178, -2.997, -0.23032, -1.4031, -0.039594, -0.62037, -0.86458, -0.58696, -0.6174, -0.30102, -0.025562, -0.020072, -0.22339, -0.38663, 0.39005, -0.1962, 0.078874, 0.34104, 4.5499, 4.0712, 4.7066, 3.76, 0.70744, 0.12888, 0.66674, 2.4567, 3.5658, 2.3375, 2.1161, 0.55328, 0.18469, -0.7181, 1.5505, 0.54413, 1.0703, 0.50944, -0.23432, -0.089878, 0.18225, 1.0795, 0.43803, 0.57462, 0.69836, -0.4085, -0.035382, -0.531},
          {15.636, 12.8, 16.636, 19.455, 9.9414, 1.9123, 3.6469, 14.097, 10.703, 19.022, 16.075, 8.4085, 2.7253, 3.5931, 1.8308, 2.8534, 5.0785, -7.1158, -6.3644, 1.2248, 4.1807, -1.5353, 6.8474, 0.90808, 0.063125, -6.4677, 0.38691, -1.2963, -0.84374, -0.76479, -0.70865, -0.34424, -0.22362, -0.30956, 0.27915, -0.093113, -0.72308, -0.599, 0.98668, -0.21025, -0.10957, 0.57503, -0.19093, 3.1132, 5.5923, 3.1254, 1.4556, 0.46104, 1.0117, 4.4304, 2.2584, 2.1174, 2.3189, 0.74167, -0.054678, -0.63661, 1.2762, 1.1637, 0.81637, 0.39752, -0.085323, -0.18923, 0.48341, -0.30565, 0.73283, 0.035321, 0.68757, -0.32261, 0.010085, -0.05502},
          {15.766, 12.535, 18.336, 20.233, 10.831, 1.9397, 3.177, 15.222, 10.277, 16.075, 20.658, 8.9857, 2.5087, 3.582, -1.4559, 1.7307, 1.7057, 1.1519, -4.4153, 1.5923, 4.6175, -7.0118, 1.3772, -2.5372, 1.6049, -6.1347, 0.19406, -0.50131, -0.39419, -0.78772, -0.87738, -0.54121, -0.14474, -0.20413, -0.14313, 0.041586, -1.007, -0.50552, 0.59822, -0.42247, -0.23362, 0.63747, 5.9665, 3.9228, 5.6289, 4.722, 1.3586, 0.586, 1.0945, 6.2583, 5.4633, 3.663, 3.677, 0.96268, -0.23419, -0.64859, 2.4029, 1.0165, 0.50394, 0.24659, -0.21119, -0.07656, 0.5889, -0.86287, 1.0692, 0.017292, 0.61971, -0.050324, 0.017878, -0.2399},
          {9.1389, 7.2074, 9.7654, 11.389, 5.7571, 1.1941, 2.3216, 7.2973, 5.0751, 8.4085, 8.9857, 7.0107, 1.8505, 2.0055, -3.0903, 2.2431, 1.3868, -1.8163, 0.10945, 0.92174, 2.3325, -0.49509, 3.2289, -0.16396, -1.3417, -1.1177, 0.34078, 0.44834, -0.75966, -0.40943, -0.49868, -0.24847, -0.10229, -0.17584, 0.19161, -0.56592, -0.073984, -0.15006, 0.64034, -0.12885, -0.11205, 0.49154, 4.7205, 2.2142, 4.1248, 3.1424, 0.96818, 0.34655, 0.70967, 5.6134, 3.0606, 1.7785, 2.5965, 0.25344, 0.046462, -0.14061, 1.6124, 1.0485, 0.68226, 0.3451, -0.016216, -0.19794, 0.35776, 0.65099, 0.90384, 0.39469, 0.46885, -0.28412, 0.09792, 0.04186},
          {3.6114, 2.8856, 2.7286, 4.1264, 2.4072, 1.1704, 1.8983, 3.1421, 2.6071, 2.7253, 2.5087, 1.8505, 2.5358, 2.057, 7.329, 3.1428, 6.2482, 1.8666, -1.3825, 0.97692, 1.1132, 7.6273, 3.9572, 4.4093, 2.1525, -1.5669, 0.71023, -0.35252, 0.031437, -0.4801, -0.21612, -0.12868, -0.13722, -0.23646, 0.044669, 0.22889, -0.36395, -0.16971, 0.58291, -0.06383, -0.061906, 0.47312, 1.4821, 1.638, 1.5501, 1.9128, 0.34938, 0.22106, 0.25257, 1.9351, 1.889, 1.1585, 1.9888, 0.23168, 0.034338, -0.0038304, 1.1165, 0.3405, 0.56394, 0.6285, -0.15373, -0.071301, 0.081612, 0.65917, 0.34453, 0.30854, 0.33984, -0.12766, -0.028528, -0.0045298},
          {4.94, 3.7009, 2.4017, 5.3366, 3.474, 1.2344, 3.298, 4.2514, 2.4326, 3.5931, 3.582, 2.0055, 2.057, 6.3176, 3.0235, 4.9332, 8.2329, 3.5129, 0.31745, -0.14403, 2.5449, 2.3316, 1.1271, 6.1894, 3.8807, 0.39275, 0.21826, -1.2388, -0.071992, -1.1604, -0.20033, -0.56658, -0.41225, -0.46291, 0.019908, 0.51509, -1.3625, -0.8679, 0.47679, -0.13969, -0.29693, 1.0416, 4.2301, 4.6211, 3.672, 3.2182, 0.72637, 0.22306, 0.36167, 5.3624, 3.6347, 2.8217, 3.2931, 0.9365, -0.28769, -0.26655, 1.3363, -0.016717, 0.7429, 1.0894, -0.067804, -0.15297, 0.11619, 1.4223, 1.4237, 0.47888, 0.8269, 0.041538, -0.13146, -0.22882},
          {2.6272, 5.1403, -2.3928, 2.2129, 12.886, 3.0523, 8.4806, 2.2481, 8.8003, 1.8308, -1.4559, -3.0903, 7.329, 3.0235, 1005.2, 191.03, 276.18, 197.44, 75.199, 5.1917, 12.391, 775.45, 187.59, 211.59, 225.45, 79.027, 17.77, 29.546, -3.6499, -5.7408, 2.3791, 1.3095, -2.6249, -4.19, 2.3053, 9.1529, -7.5192, -0.89785, -1.0953, 0.81888, -1.6614, -4.1938, 146.99, 35.679, 31.905, 39.446, 6.1975, -0.089671, 1.371, 139.35, 25.473, 13.444, 25.607, 4.1987, 1.7489, -0.51562, 44.845, 1.3363, 3.0063, 11.812, -3.6055, 1.526, -3.0366, 32.404, 7.2897, 7.0753, 3.4708, 2.4642, -2.3018, -2.8429},
          {3.154, 5.3424, 0.0068684, 1.5101, 2.6874, 0.56614, 6.4679, 6.6313, 4.394, 2.8534, 1.7307, 2.2431, 3.1428, 4.9332, 191.03, 140.33, 144.62, 118.82, 44.564, -0.23552, 1.4017, 145.7, 81.196, 126.18, 92.241, 36.499, 1.5425, 4.3568, 0.63948, -0.88456, -1.7216, 0.067858, -1.4634, -1.2152, 1.6457, -0.88012, -3.392, -1.7393, 0.27602, -0.95785, -1.2749, -0.43992, 34.973, 22.167, 32.164, 27.106, 3.8058, 1.5335, 0.86987, 34.373, 27.458, 29.87, 22.991, 3.5965, 0.3352, 0.42148, 15.092, 4.5219, 6.1384, 5.0727, -0.1724, -0.12908, -0.39814, 11.058, 6.1923, 5.4562, 3.2408, -0.031495, -0.29887, -0.5134},
          {7.2268, 6.0043, -0.83689, 2.7146, 6.8736, 2.1518, 10.701, 6.604, 9.5375, 5.0785, 1.7057, 1.3868, 6.2482, 8.2329, 276.18, 144.62, 257.02, 149.09, 59.159, 2.3928, 2.6817, 214.0, 114.45, 176.84, 128.08, 55.639, 6.0529, 1.8441, 1.2847, -2.9943, -1.4949, -0.85097, -1.7286, -1.2901, 1.8376, 1.9646, -5.8412, -1.9071, 1.696, -0.61983, -1.568, -1.105, 29.217, 32.295, 37.586, 37.769, 8.007, 0.92813, 0.79092, 27.507, 34.217, 35.259, 30.347, 7.5237, 0.21015, -1.3381, 10.835, 3.3516, 7.1291, 9.7984, -0.87667, -0.15276, -0.79979, 13.373, 7.81, 7.9161, 4.1348, -0.25654, -1.4514, -2.635},
          {0.1247, -6.0346, -7.7036, -4.5576, -0.59036, -0.40422, 3.2615, 4.1929, -3.7835, -7.1158, 1.1519, -1.8163, 1.8666, 3.5129, 197.44, 118.82, 149.09, 267.57, 72.183, 7.4667, -3.9256, 147.12, 72.125, 122.55, 182.7, 58.753, 9.3128, 0.29393, 2.0797, -0.81933, -0.807, 1.4339, -1.5508, -1.6415, -0.98953, 2.0516, -7.1659, -0.56927, -0.31085, -1.0527, -1.9645, -0.73402, 47.032, 28.263, 31.246, 26.88, 3.9218, -0.68572, -1.0995, 30.104, 28.41, 34.501, 30.901, 2.4261, -0.91021, -0.062126, 7.8628, 1.2458, 1.5679, 5.7478, -0.29824, -0.076648, -1.3877, 5.7821, 4.7772, 3.8176, 2.1149, -0.83062, -0.9444, -3.256},
          {-2.9303, -4.7591, -5.9665, -7.1423, 3.7972, -1.3968, 0.26433, -5.4294, -1.776, -6.3644, -4.4153, 0.10945, -1.3825, 0.31745, 75.199, 44.564, 59.159, 72.183, 106.3, 3.2193, -2.5975, 61.155, 33.875, 41.429, 56.88, 68.78, 2.8576, 6.5823, -0.023106, -0.79368, 0.24943, -0.78698, -0.5101, 0.062366, 2.0432, -0.82809, -2.0554, 1.0794, -1.0595, 0.25654, -0.81364, 1.535, 10.488, 0.82932, 11.859, 10.302, -0.7168, 0.17481, 0.35513, 8.5053, 8.6549, 10.088, 7.6286, 2.0785, -0.20736, 1.5316, 5.5184, 1.5489, 2.0437, 2.8754, -0.19249, -0.26288, -0.32294, 5.8569, 1.2781, 2.5148, -0.54332, 2.2139, -0.39336, -1.0781},
          {2.6016, 0.82894, 1.7965, 2.3775, 0.6898, 0.87163, 0.40226, 3.7683, 1.442, 1.2248, 1.5923, 0.92174, 0.97692, -0.14403, 5.1917, -0.23552, 2.3928, 7.4667, 3.2193, 9.892, 0.6658, 8.1159, 4.2529, -1.0533, 5.0038, 1.1331, 4.8218, -0.014937, 0.53317, -0.015645, -0.051731, -0.21552, -0.093964, 0.07046, 0.3791, -0.71966, 0.53801, 0.47523, 0.19078, 0.14718, -0.22708, 0.22886, -0.27086, -0.71441, 0.94777, 0.74582, 0.080683, 0.26347, -0.14408, -4.8869, 0.26785, 0.01711, 1.167, -0.37341, 0.039688, -0.62037, 0.29185, -0.21576, -0.5657, -0.1644, -0.12433, 0.019729, 0.21677, -1.6544, -0.70868, -0.38385, -0.75045, 0.087234, -0.068867, 0.35117},
          {5.1647, 3.969, 4.6902, 6.0463, 2.0454, 1.0143, 2.5537, 4.4652, 3.0151, 4.1807, 4.6175, 2.3325, 1.1132, 2.5449, 12.391, 1.4017, 2.6817, -3.9256, -2.5975, 0.6658, 7.6268, 7.4727, 4.8044, 1.6102, -2.4805, -2.1246, 0.82603, -0.67101, -0.34823, -0.078994, -0.31571, -0.31047, -0.16767, 0.040004, 0.29453, -0.30138, 0.5423, -0.011669, 0.13111, -0.24615, 0.036517, 0.0064929, -2.2209, 0.42089, 0.61876, 0.92436, -0.12696, 0.70909, 0.050797, -0.055537, 0.94569, -0.060301, -0.54685, -0.066057, 0.22893, -0.81459, -1.1069, -0.074336, -0.29141, -0.3818, -0.010433, -0.053096, 0.2642, 0.24077, 0.28052, -0.26422, -0.036451, -0.26628, 0.08914, 0.19393},
          {8.0038, 1.848, -3.32, 2.1879, 5.34, 2.3422, 8.7628, -0.32545, 6.5256, -1.5353, -7.0118, -0.49509, 7.6273, 2.3316, 775.45, 145.7, 214.0, 147.12, 61.155, 8.1159, 7.4727, 864.84, 174.49, 184.49, 187.0, 79.635, 20.965, 24.026, -5.9809, -4.4383, 3.9248, 0.91273, -2.9612, -2.8882, 1.6816, 6.4648, -5.631, -1.684, 0.53609, 0.73275, -1.2241, -4.056, 148.93, 36.042, 28.658, 15.215, 6.1151, 1.9253, 0.44102, 164.75, 25.803, 14.004, 27.875, 2.8554, 2.3725, 2.7038, 44.417, -3.4115, 3.9503, 9.8717, -3.2168, 0.96182, -3.918, 37.7, 8.9714, 6.7782, 3.1358, 1.5019, -1.4817, -1.8005},
          {6.9048, 6.6624, 4.4173, 7.4826, 2.1361, -0.51352, 6.2619, 8.9776, 6.9766, 6.8474, 1.3772, 3.2289, 3.9572, 1.1271, 187.59, 81.196, 114.45, 72.125, 33.875, 4.2529, 4.8044, 174.49, 149.07, 96.968, 72.705, 33.681, 7.3158, 2.4811, -0.6066, 0.25435, -2.1961, -0.38102, -1.0307, 0.18447, 4.6355, -3.0005, 0.30969, 0.64656, 1.3946, -0.76384, -0.12478, -0.46679, 14.402, 11.685, 17.411, 16.299, 3.9923, 0.91288, 1.8475, 29.548, 16.668, 16.38, 14.888, 3.7571, 1.7151, 0.097655, 16.398, 3.2601, 5.8141, 4.3172, 0.58883, 0.11353, 0.2141, 14.642, 4.3111, 4.8, 1.1877, -0.43977, -0.24713, 0.49724},
          {4.96, 4.949, -4.8444, -2.4881, -1.0307, 0.91941, 7.8456, 4.0802, 5.8501, 0.90808, -2.5372, -0.16396, 4.4093, 6.1894, 211.59, 126.18, 176.84, 122.55, 41.429, -1.0533, 1.6102, 184.49, 96.968, 203.66, 103.14, 39.565, 1.8975, -0.84505, 1.3439, -1.1532, -2.2715, -0.44702, -1.2243, -0.79013, 3.8397, 1.2177, -2.9062, -2.1223, 1.8249, -0.67287, -0.81445, 0.0092235, 24.309, 31.108, 36.992, 29.25, 5.5954, 1.3255, 1.5828, 29.136, 31.308, 33.713, 26.713, 4.147, 0.40398, 0.31901, 10.304, 4.231, 7.8788, 5.1644, 0.13636, -0.41611, -0.27699, 13.433, 9.2863, 6.6872, 6.2156, -0.9473, -0.42988, -1.1595},
          {4.2144, -2.3459, -3.0199, 0.3577, 3.2042, -1.4483, 2.2695, 4.1301, 1.1178, 0.063125, 1.6049, -1.3417, 2.1525, 3.8807, 225.45, 92.241, 128.08, 182.7, 56.88, 5.0038, -2.4805, 187.0, 72.705, 103.14, 222.18, 52.123, 8.8172, 7.6108, -0.93027, -2.3283, 0.40423, 1.313, -2.094, -1.5952, -1.0749, 3.5292, -6.4909, 0.013684, -0.6305, -0.38203, -1.2475, 0.60193, 44.852, 18.93, 25.83, 27.34, 3.8493, -0.57772, 0.2642, 43.9, 20.827, 21.451, 27.663, 1.7393, -1.1591, 0.81388, 7.3814, 0.20438, 0.4163, 4.4399, -0.88233, 0.194, -1.4806, 7.8418, 2.5241, 3.6985, 0.9328, 0.81216, -1.197, -2.9374},
          {-4.5489, -5.6969, -8.3332, -9.2436, 1.2168, -1.7854, 0.64621, -4.2162, -2.997, -6.4677, -6.1347, -1.1177, -1.5669, 0.39275, 79.027, 36.499, 55.639, 58.753, 68.78, 1.1331, -2.1246, 79.635, 33.681, 39.565, 52.123, 78.491, 4.1388, 4.1153, -0.2825, -0.54238, -0.24108, 0.12568, -0.76637, 0.13006, 1.4864, -0.57598, -2.9236, 0.87828, -1.6415, 0.49672, -0.39603, 0.20591, 16.109, 5.3382, 13.145, 8.1922, 1.2168, -0.37911, 0.89874, 14.244, 9.1829, 12.146, 8.5663, 2.3449, -0.30726, 0.39974, 3.9523, 0.83528, 0.97734, 3.9277, -0.017176, -0.031269, -0.67145, 8.1304, 2.2927, 4.0833, 0.38418, 2.0864, -0.35178, -1.3931},
          {0.15967, 0.17966, 1.2337, 0.48727, 0.12116, 0.59322, 0.15008, -0.57703, -0.23032, 0.38691, 0.19406, 0.34078, 0.71023, 0.21826, 17.77, 1.5425, 6.0529, 9.3128, 2.8576, 4.8218, 0.82603, 20.965, 7.3158, 1.8975, 8.8172, 4.1388, 11.948, 7.4306, 0.36445, 0.02665, -0.010933, -0.025235, -0.03947, -0.096066, 0.28579, 0.19356, -0.42777, 0.017453, 0.2174, -0.0037665, -0.080975, -0.11891, 1.1756, 1.4218, 1.3094, 0.020123, 0.66128, 0.065985, 0.023452, 0.37739, 0.68829, -0.80909, 2.7998, 0.65074, 0.052256, 2.1302, -0.43459, -0.34596, -0.23287, 0.31982, 0.16628, -0.024492, 0.34964, 0.8029, 0.051083, 0.1494, -0.24586, 0.26358, -0.027649, 0.54486},
          {-3.3981, -1.6348, -0.18421, -1.8632, 0.32738, -0.073709, -1.1842, -4.1136, -1.4031, -1.2963, -0.50131, 0.44834, -0.35252, -1.2388, 29.546, 4.3568, 1.8441, 0.29393, 6.5823, -0.014937, -0.67101, 24.026, 2.4811, -0.84505, 7.6108, 4.1153, 7.4306, 30.077, 0.5981, 0.95039, -0.15902, 0.14047, 0.14898, -0.5034, -0.10774, 0.11766, -0.058069, -0.1989, -0.24254, -0.21957, 0.14393, -0.60046, 5.435, -1.4817, 1.2061, 1.8262, -0.20502, 0.049044, -0.81995, 6.294, -0.49673, -3.3697, -0.90142, -0.21458, -0.42224, 5.1888, 0.20002, -0.039729, -0.74974, -0.9656, -0.21937, 0.088207, 0.13618, 1.5707, -0.6525, 0.31853, -0.43034, 1.4358, 0.22148, 0.77249},
          {-0.50065, -0.77317, -0.71247, -1.2212, -0.22175, -0.08329, -0.20414, 1.6474, -0.039594, -0.84374, -0.39419, -0.75966, 0.031437, -0.071992, -3.6499, 0.63948, 1.2847, 2.0797, -0.023106, 0.53317, -0.34823, -5.9809, -0.6066, 1.3439, -0.93027, -0.2825, 0.36445, 0.5981, 3.0363, 0.47383, 0.28498, 0.31652, 0.082069, 0.085649, 0.1066, 0.67372, 0.35649, 0.30778, 0.24599, 0.039394, 0.07034, -0.31823, -0.94614, 0.54309, -0.12497, -0.34174, -0.20425, 0.31684, 0.070544, 0.0042325, 0.41538, 1.0329, -0.93576, -0.2698, -0.069232, 0.0705, -0.0036851, 0.056971, -0.059321, 0.16453, -0.1107, 0.053264, 0.10721, -0.07054, -0.029699, -0.13573, 0.33231, 0.23436, 0.032775, 0.10114},
          {-1.0013, -0.50961, -0.37469, -1.1026, -0.98143, -0.4263, -0.67115, -0.071288, -0.62037, -0.76479, -0.78772, -0.40943, -0.4801, -1.1604, -5.7408, -0.88456, -2.9943, -0.81933, -0.79368, -0.015645, -0.078994, -4.4383, 0.25435, -1.1532, -2.3283, -0.54238, 0.02665, 0.95039, 0.47383, 2.397, 0.43612, 0.77934, 0.20693, 0.23521, 0.17849, 0.17585, 0.96888, 0.65169, 0.29751, -0.02464, 0.159, -0.43491, -3.3946, -1.986, -1.1437, -1.3709, -0.20721, -0.10661, -0.16158, -4.5431, -0.88026, -0.96248, -1.2345, -0.65389, -0.016837, -0.18657, 0.41066, 0.18925, 0.25505, -0.32279, 0.11044, 0.0084046, 0.1446, 1.0136, 0.15157, 0.03518, 0.13793, 0.13685, 0.15121, 0.22571},
          {-1.2021, -1.028, -0.68509, -1.316, -0.53424, -0.19652, -0.47096, -1.896, -0.86458, -0.70865, -0.87738, -0.49868, -0.21612, -0.20033, 2.3791, -1.7216, -1.4949, -0.807, 0.24943, -0.051731, -0.31571, 3.9248, -2.1961, -2.2715, 0.40423, -0.24108, -0.010933, -0.15902, 0.28498, 0.43612, 1.8186, 0.38288, 0.16996, 0.036861, -0.24331, 0.63836, 0.10835, 0.46434, 0.28212, 0.15158, -0.0031401, -0.1391, 0.52592, -0.37689, -1.2661, -0.75338, 0.078156, 0.083182, -0.21231, 1.2401, -1.2545, -1.4714, -0.76851, 0.090389, -0.018768, -0.09086, -0.61999, -0.30131, -0.24967, 0.11554, -0.093306, 0.022901, -0.022815, -0.47356, -0.13041, -0.014645, -0.060077, 0.20323, -0.017683, 0.10174},
          {-0.74028, -0.41171, -0.03213, -0.62145, -0.16166, -0.12542, -0.21777, -0.40312, -0.58696, -0.34424, -0.54121, -0.24847, -0.12868, -0.56658, 1.3095, 0.067858, -0.85097, 1.4339, -0.78698, -0.21552, -0.31047, 0.91273, -0.38102, -0.44702, 1.313, 0.12568, -0.025235, 0.14047, 0.31652, 0.77934, 0.38288, 1.7179, 0.26824, 0.042957, -0.3019, 0.71924, 0.72867, 0.40468, 0.5434, 0.10105, 0.065221, -0.43607, -1.1539, -0.7414, -0.46563, -0.15903, 0.025321, -0.11256, -0.21137, -0.34818, -0.45586, -1.135, -0.33296, -0.19472, -0.021596, -0.45792, -0.20787, 0.060858, -0.095408, 0.039033, 0.082282, 0.041747, -0.032146, 0.66434, -0.050564, 0.1075, 0.041681, 0.086796, 0.062101, 0.017415},
          {-0.55454, -0.21445, 0.29427, -0.28615, -0.13425, -0.028989, -0.3314, -1.0304, -0.6174, -0.22362, -0.14474, -0.10229, -0.13722, -0.41225, -2.6249, -1.4634, -1.7286, -1.5508, -0.5101, -0.093964, -0.16767, -2.9612, -1.0307, -1.2243, -2.094, -0.76637, -0.03947, 0.14898, 0.082069, 0.20693, 0.16996, 0.26824, 0.48189, 0.071586, -0.006261, 0.19506, 0.1773, 0.31724, 0.23233, 0.075451, 0.07883, -0.050137, -1.1992, -0.6027, -0.7487, -0.45372, 0.20235, 0.022138, -0.079742, -0.94507, -0.68788, -0.5317, -0.46554, 0.31178, 0.073204, 0.04103, 0.079697, 0.10544, -0.019683, -0.14025, 0.014688, 0.011932, -0.0053709, -0.24886, -0.071376, 0.0055875, -0.087888, 0.12307, 0.012381, 0.053724},
          {-0.37688, -0.14702, -0.17471, -0.50343, -0.55009, -0.1893, -0.28317, -0.53985, -0.30102, -0.30956, -0.20413, -0.17584, -0.23646, -0.46291, -4.19, -1.2152, -1.2901, -1.6415, 0.062366, 0.07046, 0.040004, -2.8882, 0.18447, -0.79013, -1.5952, 0.13006, -0.096066, -0.5034, 0.085649, 0.23521, 0.036861, 0.042957, 0.071586, 0.49092, 0.13921, -0.14634, 0.34844, 0.12517, -0.019184, 0.017046, 0.11385, 0.033317, -0.27024, -0.02025, -0.14699, -0.34216, 0.012895, 0.072537, 0.12608, -0.82314, -0.26505, -0.13451, -0.20485, -0.13079, 0.10542, -0.23589, 0.15238, -0.10055, 0.14865, -0.13517, 0.020398, 0.019598, 0.13598, 0.14686, 0.075568, 0.042214, 0.052923, 0.054273, 0.053309, 0.059132},
          {0.81781, 0.73228, -0.14692, 0.37933, 0.15357, -0.092644, 0.45271, 0.21006, -0.025562, 0.27915, -0.14313, 0.19161, 0.044669, 0.019908, 2.3053, 1.6457, 1.8376, -0.98953, 2.0432, 0.3791, 0.29453, 1.6816, 4.6355, 3.8397, -1.0749, 1.4864, 0.28579, -0.10774, 0.1066, 0.17849, -0.24331, -0.3019, -0.006261, 0.13921, 3.374, -0.24815, 0.40779, -0.0035665, -0.018133, -0.13671, 0.020826, 0.51494, -0.94637, 0.26336, -0.33344, 0.352, -0.40408, 0.18896, 1.5138, 0.064176, -0.14452, 0.95338, 0.15479, 0.16355, 0.049332, 1.0088, -0.21547, -0.28281, 0.47489, -0.43049, -0.0076041, -0.10077, 0.1266, 0.026931, 0.34774, -0.1601, 0.19682, -0.048397, -0.016816, 0.11669},
          {0.23105, -0.29575, -0.59221, -0.49394, 0.62498, 0.10125, -0.14342, 0.97096, -0.020072, -0.093113, 0.041586, -0.56592, 0.22889, 0.51509, 9.1529, -0.88012, 1.9646, 2.0516, -0.82809, -0.71966, -0.30138, 6.4648, -3.0005, 1.2177, 3.5292, -0.57598, 0.19356, 0.11766, 0.67372, 0.17585, 0.63836, 0.71924, 0.19506, -0.14634, -0.24815, 3.7565, -0.023128, 0.29287, 0.62702, 0.21638, 0.040682, -0.40629, -1.0408, 0.49232, -1.2487, -0.59687, 0.50827, -0.022472, -0.18877, 2.2244, -0.062889, -0.76805, -0.13707, 0.25904, -0.25229, 0.16727, 0.070393, -0.31684, -0.14659, 0.61087, -0.1074, 0.064936, 0.034422, 0.43365, -0.22469, 0.12598, 0.27622, 0.33582, -0.098258, -0.062539},
          {-0.76926, -0.4156, -0.14169, -0.54969, -1.1812, -0.11648, -0.12287, 0.48416, -0.22339, -0.72308, -1.007, -0.073984, -0.36395, -1.3625, -7.5192, -3.392, -5.8412, -7.1659, -2.0554, 0.53801, 0.5423, -5.631, 0.30969, -2.9062, -6.4909, -2.9236, -0.42777, -0.058069, 0.35649, 0.96888, 0.10835, 0.72867, 0.1773, 0.34844, 0.40779, -0.023128, 3.1585, 0.85481, 0.44085, 0.036026, 0.26391, -0.24213, -1.6048, -2.1707, -1.3942, -0.91404, -0.25976, 0.045801, 0.15955, -2.888, -1.0889, -1.5599, -1.997, -0.64429, 0.174, -0.15865, -1.7053, -0.10856, -0.14212, -0.87099, 0.030755, 0.0029116, 0.18354, -0.9967, -0.51281, -0.47502, -0.32232, -0.14572, 0.146, -0.021509},
